

[6:39]V_0:  0.6  A: 3.9

-0.5994	-31.46738	0.09906507
-0.5934	-9.0229	0.3249953
-0.5874	-6.198655	0.4441313
-0.5814	-4.832808	0.5336585
-0.5754	-3.971786	0.606896
-0.5694	-3.357505	0.6692754
-0.5634	-2.886518	0.7236671
-0.5574	-2.508008	0.7718142
-0.5514	-2.193613	0.8148733
-0.5454	-1.926046	0.8536608
-0.5394	-1.694059	0.8887798
-0.5334	-1.489961	0.9206918
-0.5274	-1.308281	0.9497599
-0.5214	-1.144996	0.9762761
-0.5154	-0.9970697	1.00048
-0.5094	-0.8621586	1.022572
-0.5034	-0.7384169	1.042719
-0.4974	-0.6243671	1.061066
-0.4914	-0.5188088	1.077736
-0.4854	-0.4207543	1.092839
-0.4794	-0.3293812	1.106468
-0.4734	-0.243998	1.118707
-0.4674	-0.1640177	1.129631
-0.4614	-0.08893768	1.139304
-0.4554	-0.01832468	1.147788
-0.4494	0.04819772	1.155134
-0.4434	0.1109584	1.161392
-0.4374	0.1702466	1.166605
-0.4314	0.2263179	1.170813
-0.4254	0.2793993	1.174051
-0.4194	0.3296934	1.176354
-0.4134	0.3773816	1.17775
-0.4074	0.4226275	1.178267
-0.4014	0.4655784	1.177931
-0.3954	0.5063682	1.176763
-0.3894	0.5451183	1.174786
-0.3834	0.5819396	1.172017
-0.3774	0.6169336	1.168475
-0.3714	0.6501932	1.164174
-0.3654	0.681804	1.15913
-0.3594	0.7118447	1.153353
-0.3534	0.7403882	1.146857
-0.3474	0.7675018	1.13965
-0.3414	0.793248	1.131741
-0.3354	0.8176849	1.123137
-0.3294	0.8408665	1.113845
-0.3234	0.8628433	1.103869
-0.3174	0.8836623	1.093213
-0.3114	0.9033675	1.081878
-0.3054	0.9220001	1.069866
-0.2994	0.9395987	1.057177
-0.2934	0.9561996	1.043809
-0.2874	0.9718368	1.029758
-0.2814	0.9865424	1.015021
-0.2754	1.000346	0.9995915
-0.2694	1.013277	0.9834615
-0.2634	1.025362	0.966622
-0.2574	1.036625	0.949062
-0.2514	1.047091	0.9307684
-0.2454	1.056781	0.9117261
-0.2394	1.065718	0.8919177
-0.2334	1.07392	0.8713234
-0.2274	1.081408	0.8499206
-0.2214	1.088197	0.8276837
-0.2154	1.094305	0.8045839
-0.2094	1.099747	0.7805884
-0.2034	1.104538	0.7556605
-0.1974	1.108692	0.7297589
-0.1914	1.11222	0.7028369
-0.1854	1.115136	0.674842
-0.1794	1.117449	0.6457147
-0.1734	1.119169	0.6153878
-0.1674	1.120305	0.5837853
-0.1614	1.120866	0.5508206
-0.1554	1.120857	0.516395
-0.1494	1.120286	0.4803957
-0.1434	1.119157	0.442693
-0.1374	1.117473	0.4031373
-0.1314	1.115237	0.3615549
-0.1254	1.112451	0.3177435
-0.1194	1.109113	0.2714652
-0.1134	1.105222	0.222439
-0.1074	1.100773	0.1703297
-0.1014	1.095761	0.1147344
-0.0954	1.090177	0.05516351
-0.0894	1.084008	-0.008984479
-0.0834	1.07724	-0.07845819
-0.0774	1.069852	-0.1542032
-0.0714	1.061819	-0.2374341
-0.0654	1.053106	-0.3297423
-0.0594	1.043672	-0.4332619
-0.0534	1.033461	-0.550934
-0.0474	1.022398	-0.6869506
-0.0414	1.010384	-0.8475378
-0.0354	0.9972788	-1.042441
-0.0294	0.9828778	-1.287996
-0.0234	0.9668637	-1.614302
-0.0174	0.9486959	-2.085061
-0.0114	0.9273025	-2.869514
-0.0054	0.8998104	-4.68601


[6:40]V_0:  0.6  A: 4

-0.5994	-31.46191	0.1007893
-0.5934	-9.005048	0.3304563
-0.5874	-6.17439	0.4513231
-0.5814	-4.803811	0.5419696
-0.5754	-3.93899	0.6159664
-0.5694	-3.321538	0.6788515
-0.5634	-2.847846	0.7335531
-0.5574	-2.466997	0.7818507
-0.5514	-2.150562	0.8249257
-0.5454	-1.881206	0.8636128
-0.5394	-1.647648	0.8985286
-0.5334	-1.442169	0.9301454
-0.5274	-1.259275	0.9588351
-0.5214	-1.094926	0.9848968
-0.5154	-0.9460738	1.008576
-0.5094	-0.8103603	1.030078
-0.5034	-0.6859299	1.049575
-0.4974	-0.5712963	1.067216
-0.4914	-0.4652514	1.083127
-0.4854	-0.3668006	1.097419
-0.4794	-0.2751156	1.110191
-0.4734	-0.1894994	1.121527
-0.4674	-0.1093602	1.131505
-0.4614	-0.034191	1.140193
-0.4554	0.03644539	1.14765
-0.4494	0.102929	1.153934
-0.4434	0.165592	1.159093
-0.4374	0.2247268	1.163172
-0.4314	0.2805916	1.166212
-0.4254	0.333416	1.168251
-0.4194	0.3834052	1.169322
-0.4134	0.4307428	1.169457
-0.4074	0.4755944	1.168684
-0.4014	0.5181093	1.167028
-0.3954	0.5584232	1.164513
-0.3894	0.5966594	1.161161
-0.3834	0.6329304	1.156991
-0.3774	0.667339	1.152021
-0.3714	0.6999798	1.146267
-0.3654	0.7309396	1.139743
-0.3594	0.7602986	1.132463
-0.3534	0.7881308	1.124437
-0.3474	0.8145047	1.115677
-0.3414	0.839484	1.10619
-0.3354	0.8631277	1.095984
-0.3294	0.885491	1.085065
-0.3234	0.9066252	1.073437
-0.3174	0.9265783	1.061105
-0.3114	0.9453952	1.04807
-0.3054	0.9631178	1.034332
-0.2994	0.9797858	1.019892
-0.2934	0.9954359	1.004747
-0.2874	1.010103	0.9888938
-0.2814	1.02382	0.972327
-0.2754	1.036618	0.9550399
-0.2694	1.048525	0.9370244
-0.2634	1.059568	0.9182701
-0.2574	1.069775	0.8987651
-0.2514	1.079168	0.8784952
-0.2454	1.087772	0.8574439
-0.2394	1.095606	0.8355924
-0.2334	1.102693	0.8129191
-0.2274	1.10905	0.7893998
-0.2214	1.114697	0.7650066
-0.2154	1.119649	0.7397085
-0.2094	1.123923	0.7134702
-0.2034	1.127534	0.6862521
-0.1974	1.130495	0.6580095
-0.1914	1.13282	0.6286922
-0.1854	1.13452	0.5982434
-0.1794	1.135606	0.5665993
-0.1734	1.136089	0.5336873
-0.1674	1.135977	0.4994255
-0.1614	1.135279	0.4637206
-0.1554	1.134001	0.4264662
-0.1494	1.132149	0.3875408
-0.1434	1.129729	0.3468046
-0.1374	1.126743	0.3040961
-0.1314	1.123195	0.2592284
-0.1254	1.119084	0.211983
-0.1194	1.114411	0.1621035
-0.1134	1.109172	0.1092867
-0.1074	1.103363	0.05317093
-0.1014	1.096978	-0.006678665
-0.0954	1.090006	-0.07079058
-0.0894	1.082435	-0.1398143
-0.0834	1.074248	-0.2145584
-0.0774	1.065423	-0.2960443
-0.0714	1.055932	-0.3855847
-0.0654	1.045739	-0.4848997
-0.0594	1.034799	-0.5962965
-0.0534	1.023051	-0.7229561
-0.0474	1.010416	-0.8694134
-0.0414	0.9967853	-1.042406
-0.0354	0.9820093	-1.252482
-0.0294	0.9658673	-1.517331
-0.0234	0.9480173	-1.869553
-0.0174	0.9278757	-2.378164
-0.0114	0.9042845	-3.226587
-0.0054	0.874136	-5.193621


[6:41]V_0:  0.6  A: 4.1

-0.5994	-31.45634	0.1025133
-0.5934	-8.9869	0.3359064
-0.5874	-6.149737	0.4584865
-0.5814	-4.774367	0.5502303
-0.5754	-3.90571	0.6249611
-0.5694	-3.285064	0.6883237
-0.5634	-2.808653	0.7433048
-0.5574	-2.42546	0.7917206
-0.5514	-2.106988	0.8347778
-0.5454	-1.835853	0.8733291
-0.5394	-1.600737	0.9080052
-0.5334	-1.393896	0.9392893
-0.5274	-1.209811	0.9675622
-0.5214	-1.044427	0.9931304
-0.5154	-0.8946778	1.016246
-0.5094	-0.7581949	1.037118
-0.5034	-0.6331116	1.055925
-0.4974	-0.5179325	1.072818
-0.4914	-0.4114414	1.087929
-0.4854	-0.3126368	1.101371
-0.4794	-0.2206841	1.113244
-0.4734	-0.1348808	1.123638
-0.4674	-0.05463012	1.13263
-0.4614	0.02057938	1.140291
-0.4554	0.0911891	1.146683
-0.4494	0.1575828	1.151865
-0.4434	0.220096	1.155885
-0.4374	0.2790242	1.158793
-0.4314	0.3346287	1.160628
-0.4254	0.3871417	1.161431
-0.4194	0.4367708	1.161235
-0.4134	0.4837021	1.160074
-0.4074	0.5281033	1.157975
-0.4014	0.5701258	1.154966
-0.3954	0.6099071	1.151072
-0.3894	0.6475723	1.146313
-0.3834	0.6832357	1.140711
-0.3774	0.7170017	1.134284
-0.3714	0.7489664	1.127049
-0.3654	0.779218	1.119019
-0.3594	0.807838	1.110209
-0.3534	0.8349018	1.100631
-0.3474	0.860479	1.090294
-0.3414	0.8846346	1.079208
-0.3354	0.9074288	1.06738
-0.3294	0.9289176	1.054816
-0.3234	0.9491534	1.041521
-0.3174	0.9681852	1.027498
-0.3114	0.9860588	1.012749
-0.3054	1.002817	0.997275
-0.2994	1.0185	0.9810746
-0.2934	1.033146	0.9641455
-0.2874	1.046791	0.9464838
-0.2814	1.059467	0.9280839
-0.2754	1.071206	0.9089385
-0.2694	1.082039	0.8890385
-0.2634	1.091992	0.868373
-0.2574	1.101093	0.8469289
-0.2514	1.109365	0.824691
-0.2454	1.116834	0.8016416
-0.2394	1.12352	0.7777607
-0.2334	1.129444	0.753025
-0.2274	1.134627	0.7274085
-0.2214	1.139087	0.7008816
-0.2154	1.14284	0.673411
-0.2094	1.145904	0.6449589
-0.2034	1.148294	0.615483
-0.1974	1.150023	0.5849357
-0.1914	1.151105	0.5532632
-0.1854	1.151552	0.520405
-0.1794	1.151376	0.4862926
-0.1734	1.150586	0.4508487
-0.1674	1.149192	0.4139857
-0.1614	1.147203	0.3756038
-0.1554	1.144624	0.3355896
-0.1494	1.141462	0.293813
-0.1434	1.137722	0.2501245
-0.1374	1.133408	0.2043517
-0.1314	1.128521	0.1562946
-0.1254	1.123063	0.1057196
-0.1194	1.117031	0.05235235
-0.1134	1.110424	-0.004131474
-0.1074	1.103236	-0.06411879
-0.1014	1.09546	-0.1280751
-0.0954	1.087086	-0.1965661
-0.0894	1.078099	-0.2702873
-0.0834	1.068481	-0.3501045
-0.0774	1.05821	-0.4371121
-0.0714	1.047254	-0.5327164
-0.0654	1.035577	-0.6387612
-0.0594	1.023129	-0.7577196
-0.0534	1.009845	-0.8930027
-0.0474	0.9956418	-1.049475
-0.0414	0.980403	-1.234363
-0.0354	0.9639681	-1.458989
-0.0294	0.9461019	-1.742339
-0.0234	0.9264385	-2.119416
-0.0174	0.9043533	-2.664342
-0.0114	0.878606	-3.574166
-0.0054	0.8458635	-5.685795


[6:42]V_0:  0.6  A: 4.2

-0.5994	-31.45068	0.1042369
-0.5934	-8.968455	0.3413454
-0.5874	-6.124696	0.465621
-0.5814	-4.744479	0.5584399
-0.5754	-3.871949	0.6338789
-0.5694	-3.248086	0.6976906
-0.5634	-2.768946	0.7529205
-0.5574	-2.383407	0.801422
-0.5514	-2.062902	0.844427
-0.5454	-1.789999	0.8828069
-0.5394	-1.553342	0.9172066
-0.5334	-1.345159	0.9481204
-0.5274	-1.159909	0.9759381
-0.5214	-0.993517	1.000974
-0.5154	-0.8429034	1.023485
-0.5094	-0.705686	1.043688
-0.5034	-0.5799875	1.061765
-0.4974	-0.4643029	1.077871
-0.4914	-0.357408	1.09214
-0.4854	-0.2582938	1.104691
-0.4794	-0.1661195	1.115626
-0.4734	-0.08017689	1.125037
-0.4674	0.0001361265	1.133004
-0.4614	0.0753355	1.139599
-0.4554	0.1458669	1.144887
-0.4494	0.2121179	1.148928
-0.4434	0.2744276	1.151773
-0.4374	0.3330948	1.153472
-0.4314	0.3883837	1.154066
-0.4254	0.4405295	1.153597
-0.4194	0.4897421	1.1521
-0.4134	0.5362102	1.149608
-0.4074	0.5801037	1.146151
-0.4014	0.6215761	1.141758
-0.3954	0.6607671	1.136453
-0.3894	0.6978034	1.130259
-0.3834	0.7328011	1.123197
-0.3774	0.7658665	1.115286
-0.3714	0.7970969	1.106543
-0.3654	0.8265824	1.096983
-0.3594	0.8544056	1.086621
-0.3534	0.8806434	1.075468
-0.3474	0.9053667	1.063535
-0.3414	0.9286416	1.050831
-0.3354	0.9505294	1.037364
-0.3294	0.9710874	1.02314
-0.3234	0.9903691	1.008164
-0.3174	1.008424	0.9924392
-0.3114	1.0253	0.9759672
-0.3054	1.041039	0.9587487
-0.2994	1.055684	0.9407824
-0.2934	1.069273	0.9220658
-0.2874	1.081843	0.9025945
-0.2814	1.093426	0.8823625
-0.2754	1.104057	0.861362
-0.2694	1.113765	0.8395832
-0.2634	1.122578	0.8170146
-0.2574	1.130524	0.7936421
-0.2514	1.137629	0.7694496
-0.2454	1.143916	0.7444183
-0.2394	1.149408	0.7185269
-0.2334	1.154126	0.6917508
-0.2274	1.158091	0.6640623
-0.2214	1.161321	0.63543
-0.2154	1.163834	0.6058186
-0.2094	1.165648	0.5751882
-0.2034	1.166777	0.5434937
-0.1974	1.167236	0.5106847
-0.1914	1.167039	0.4767041
-0.1854	1.166198	0.4414879
-0.1794	1.164725	0.4049633
-0.1734	1.16263	0.3670485
-0.1674	1.159923	0.3276505
-0.1614	1.156611	0.2866635
-0.1554	1.152703	0.2439671
-0.1494	1.148204	0.1994233
-0.1434	1.143119	0.1528735
-0.1374	1.137452	0.1041348
-0.1314	1.131204	0.05299467
-0.1254	1.124376	-0.0007947058
-0.1194	1.116968	-0.0575246
-0.1134	1.108975	-0.1175396
-0.1074	1.100393	-0.1812506
-0.1014	1.091213	-0.2491523
-0.0954	1.081424	-0.3218458
-0.0894	1.071011	-0.4000703
-0.0834	1.059955	-0.4847465
-0.0774	1.048232	-0.5770379
-0.0714	1.03581	-0.6784405
-0.0654	1.022648	-0.7909156
-0.0594	1.008694	-0.9170951
-0.0534	0.9938806	-1.060609
-0.0474	0.9781176	-1.226637
-0.0414	0.9612831	-1.422874
-0.0354	0.9432064	-1.661378
-0.0294	0.9236379	-1.962377
-0.0234	0.9021893	-2.36317
-0.0174	0.8781972	-2.942761
-0.0114	0.8503423	-3.911229
-0.0054	0.8150768	-6.16107


[6:43]V_0:  0.6  A: 4.3

-0.5994	-31.44493	0.1059602
-0.5934	-8.949714	0.3467732
-0.5874	-6.09927	0.4727261
-0.5814	-4.714149	0.5665975
-0.5754	-3.837711	0.6427188
-0.5694	-3.210612	0.7069507
-0.5634	-2.728733	0.7623985
-0.5574	-2.340846	0.8109526
-0.5514	-2.018314	0.853871
-0.5454	-1.743656	0.8920438
-0.5394	-1.505476	0.9261301
-0.5334	-1.295973	0.9566358
-0.5274	-1.109585	0.9839597
-0.5214	-0.9422167	1.008424
-0.5154	-0.7907724	1.030292
-0.5094	-0.6528575	1.049786
-0.5034	-0.5265833	1.067092
-0.4974	-0.4104352	1.08237
-0.4914	-0.3031805	1.095759
-0.4854	-0.2038029	1.107379
-0.4794	-0.1114548	1.117336
-0.4734	-0.02542219	1.125724
-0.4674	0.05490228	1.132626
-0.4614	0.1300394	1.138117
-0.4554	0.2004392	1.142264
-0.4494	0.2664933	1.145126
-0.4434	0.3285444	1.146759
-0.4374	0.3868946	1.147213
-0.4314	0.4418114	1.146531
-0.4254	0.4935326	1.144756
-0.4194	0.5422712	1.141924
-0.4134	0.588218	1.138069
-0.4074	0.6315455	1.133224
-0.4014	0.6724093	1.127416
-0.3954	0.7109511	1.120671
-0.3894	0.7472998	1.113014
-0.3834	0.781573	1.104466
-0.3774	0.8138789	1.095046
-0.3714	0.8443165	1.084772
-0.3654	0.8729773	1.073661
-0.3594	0.8999455	1.061725
-0.3534	0.9252993	1.048979
-0.3474	0.949111	1.035433
-0.3414	0.9714479	1.021096
-0.3354	0.9923726	1.005976
-0.3294	1.011944	0.9900807
-0.3234	1.030215	0.9734135
-0.3174	1.047239	0.9559784
-0.3114	1.063061	0.9377772
-0.3054	1.077728	0.9188104
-0.2994	1.091282	0.8990765
-0.2934	1.103761	0.8785729
-0.2874	1.115204	0.8572947
-0.2814	1.125644	0.8352358
-0.2754	1.135116	0.8123877
-0.2694	1.14365	0.7887404
-0.2634	1.151275	0.7642813
-0.2574	1.15802	0.7389959
-0.2514	1.16391	0.7128672
-0.2454	1.16897	0.6858753
-0.2394	1.173224	0.6579978
-0.2334	1.176692	0.6292088
-0.2274	1.179397	0.5994791
-0.2214	1.181357	0.5687758
-0.2154	1.182591	0.5370615
-0.2094	1.183115	0.5042943
-0.2034	1.182947	0.4704268
-0.1974	1.1821	0.4354058
-0.1914	1.180589	0.3991713
-0.1854	1.178427	0.3616557
-0.1794	1.175625	0.3227826
-0.1734	1.172194	0.2824656
-0.1674	1.168144	0.2406068
-0.1614	1.163484	0.1970947
-0.1554	1.15822	0.1518024
-0.1494	1.152359	0.1045844
-0.1434	1.145906	0.05527357
-0.1374	1.138865	0.003676989
-0.1314	1.131237	-0.05042939
-0.1254	1.123023	-0.1073071
-0.1194	1.114221	-0.1672633
-0.1134	1.104829	-0.2306618
-0.1074	1.094839	-0.2979361
-0.1014	1.084245	-0.3696085
-0.0954	1.073033	-0.4463137
-0.0894	1.061189	-0.5288323
-0.0834	1.048692	-0.6181367
-0.0774	1.035516	-0.7154563
-0.0714	1.021628	-0.8223719
-0.0654	1.006985	-0.9409564
-0.0594	0.9915333	-1.073992
-0.0534	0.9752002	-1.225318
-0.0474	0.9578915	-1.40041
-0.0414	0.9394789	-1.607412
-0.0354	0.9197825	-1.859078
-0.0294	0.8985394	-2.176817
-0.0234	0.8753398	-2.600112
-0.0174	0.8494835	-3.212609
-0.0114	0.8195767	-4.236784
-0.0054	0.7818675	-6.618032


[6:44]V_0:  0.6  A: 4.4

-0.5994	-31.43908	0.1076833
-0.5934	-8.930677	0.3521895
-0.5874	-6.073459	0.4798015
-0.5814	-4.683382	0.5747024
-0.5754	-3.803002	0.6514796
-0.5694	-3.172646	0.7161027
-0.5634	-2.68802	0.7717369
-0.5574	-2.297786	0.8203105
-0.5514	-1.973237	0.8631075
-0.5454	-1.696836	0.9010371
-0.5394	-1.457154	0.9347731
-0.5334	-1.246357	0.9648327
-0.5274	-1.058859	0.9916242
-0.5214	-0.890546	1.015477
-0.5154	-0.738307	1.036663
-0.5094	-0.5997333	1.055407
-0.5034	-0.4729248	1.071903
-0.4974	-0.356357	1.086314
-0.4914	-0.2487884	1.098782
-0.4854	-0.1491951	1.109432
-0.4794	-0.05672287	1.118372
-0.4734	0.02934859	1.125698
-0.4674	0.109632	1.131498
-0.4614	0.1846532	1.135847
-0.4554	0.2548667	1.138814
-0.4494	0.320668	1.140462
-0.4434	0.3824039	1.140848
-0.4374	0.4403799	1.140021
-0.4314	0.4948666	1.13803
-0.4254	0.546105	1.134915
-0.4194	0.5943106	1.130716
-0.4134	0.6396771	1.125469
-0.4074	0.6823792	1.119205
-0.4014	0.7225749	1.111954
-0.3954	0.760408	1.103744
-0.3894	0.7960093	1.094598
-0.3834	0.8294986	1.084539
-0.3774	0.8609856	1.073587
-0.3714	0.8905711	1.061762
-0.3654	0.9183483	1.049079
-0.3594	0.9444029	1.035553
-0.3534	0.9688144	1.021197
-0.3474	0.9916567	1.006023
-0.3414	1.012998	0.9900406
-0.3354	1.032903	0.9732578
-0.3294	1.051431	0.9556815
-0.3234	1.068637	0.9373167
-0.3174	1.084573	0.9181669
-0.3114	1.099289	0.8982341
-0.3054	1.11283	0.8775188
-0.2994	1.125239	0.8560195
-0.2934	1.136557	0.8337332
-0.2874	1.146822	0.8106551
-0.2814	1.156069	0.7867787
-0.2754	1.164333	0.7620951
-0.2694	1.171645	0.7365939
-0.2634	1.178035	0.710262
-0.2574	1.183532	0.6830841
-0.2514	1.188163	0.6550425
-0.2454	1.191952	0.6261165
-0.2394	1.194924	0.5962825
-0.2334	1.197102	0.5655136
-0.2274	1.198506	0.5337793
-0.2214	1.199157	0.501045
-0.2154	1.199073	0.4672718
-0.2094	1.198272	0.4324156
-0.2034	1.196771	0.3964272
-0.1974	1.194585	0.3592506
-0.1914	1.191728	0.3208231
-0.1854	1.188213	0.281074
-0.1794	1.184053	0.2399232
-0.1734	1.179258	0.1972803
-0.1674	1.173839	0.1530427
-0.1614	1.167805	0.1070937
-0.1554	1.161163	0.05930022
-0.1494	1.153919	0.009509874
-0.1434	1.146078	-0.04245252
-0.1374	1.137644	-0.0967893
-0.1314	1.12862	-0.1537353
-0.1254	1.119005	-0.2135649
-0.1194	1.108798	-0.2766002
-0.1134	1.097995	-0.3432229
-0.1074	1.08659	-0.413888
-0.1014	1.074575	-0.4891434
-0.0954	1.061936	-0.5696557
-0.0894	1.048659	-0.6562443
-0.0834	1.034721	-0.7499306
-0.0774	1.020095	-0.8520056
-0.0714	1.004747	-0.9641302
-0.0654	0.988632	-1.088483
-0.0594	0.971693	-1.227987
-0.0534	0.9538551	-1.386679
-0.0474	0.9350194	-1.570316
-0.0414	0.9150513	-1.787461
-0.0354	0.8937628	-2.051531
-0.0294	0.870878	-2.385049
-0.0234	0.8459673	-2.82956
-0.0174	0.8182958	-3.473101
-0.0114	0.7863996	-4.549874
-0.0054	0.7463342	-7.055324


[6:45]V_0:  0.6  A: 4.5

-0.5994	-31.43314	0.1094059
-0.5934	-8.911346	0.3575942
-0.5874	-6.047265	0.4868466
-0.5814	-4.652178	0.5827538
-0.5754	-3.767825	0.6601602
-0.5694	-3.134195	0.7251452
-0.5634	-2.646815	0.7809341
-0.5574	-2.254237	0.8294937
-0.5514	-1.92768	0.8721343
-0.5454	-1.649554	0.9097844
-0.5394	-1.408391	0.9431328
-0.5334	-1.196325	0.9727083
-0.5274	-1.007748	0.9989287
-0.5214	-0.8385254	1.022132
-0.5154	-0.6855292	1.042595
-0.5094	-0.5463373	1.060551
-0.5034	-0.4190378	1.076197
-0.4974	-0.3020959	1.089701
-0.4914	-0.1942612	1.101209
-0.4854	-0.0945019	1.110849
-0.4794	-0.001956731	1.118733
-0.4734	0.08410081	1.12496
-0.4674	0.1642891	1.129619
-0.4614	0.2391391	1.132789
-0.4554	0.3091098	1.134541
-0.4494	0.3746013	1.13494
-0.4434	0.4359641	1.134043
-0.4374	0.4935072	1.131903
-0.4314	0.5475047	1.128569
-0.4254	0.5982006	1.124084
-0.4194	0.6458134	1.118488
-0.4134	0.6905394	1.111819
-0.4074	0.7325557	1.104109
-0.4014	0.772023	1.095389
-0.3954	0.8090869	1.085687
-0.3894	0.8438807	1.075029
-0.3834	0.8765258	1.063437
-0.3774	0.9071341	1.050934
-0.3714	0.9358079	1.037538
-0.3654	0.9626422	1.023266
-0.3594	0.9877242	1.008134
-0.3534	1.011135	0.992156
-0.3474	1.03295	0.9753428
-0.3414	1.053239	0.9577052
-0.3354	1.072067	0.9392517
-0.3294	1.089495	0.9199894
-0.3234	1.10558	0.8999237
-0.3174	1.120376	0.8790582
-0.3114	1.133931	0.8573951
-0.3054	1.146293	0.8349348
-0.2994	1.157506	0.811676
-0.2934	1.167611	0.7876156
-0.2874	1.176648	0.7627487
-0.2814	1.184653	0.7370684
-0.2754	1.19166	0.7105658
-0.2694	1.197703	0.68323
-0.2634	1.202812	0.6550474
-0.2574	1.207017	0.6260023
-0.2514	1.210344	0.5960762
-0.2454	1.212821	0.5652477
-0.2394	1.214471	0.5334923
-0.2334	1.215318	0.500782
-0.2274	1.215383	0.4670852
-0.2214	1.214688	0.4323659
-0.2154	1.21325	0.3965836
-0.2094	1.21109	0.3596927
-0.2034	1.208223	0.3216416
-0.1974	1.204665	0.2823723
-0.1914	1.200432	0.2418196
-0.1854	1.195536	0.1999097
-0.1794	1.189991	0.1565593
-0.1734	1.183808	0.1116743
-0.1674	1.176996	0.06514766
-0.1614	1.169566	0.0168579
-0.1554	1.161525	-0.03333372
-0.1494	1.152879	-0.08558604
-0.1434	1.143634	-0.1400817
-0.1374	1.133793	-0.1970318
-0.1314	1.123359	-0.2566811
-0.1254	1.112332	-0.319316
-0.1194	1.10071	-0.3852726
-0.1134	1.08849	-0.4549491
-0.1074	1.075665	-0.5288206
-0.1014	1.062226	-0.6074592
-0.0954	1.048161	-0.6915608
-0.0894	1.033452	-0.7819814
-0.0834	1.018077	-0.8797878
-0.0774	1.002009	-0.9863291
-0.0714	0.9852107	-1.103341
-0.0654	0.9676366	-1.2331
-0.0594	0.9492268	-1.378663
-0.0534	0.9299038	-1.54425
-0.0474	0.9095644	-1.735883
-0.0414	0.8880687	-1.962518
-0.0354	0.8652205	-2.238194
-0.0294	0.8407326	-2.586478
-0.0234	0.8141565	-3.050853
-0.0174	0.7847251	-3.723479
-0.0114	0.7509088	-4.849576
-0.0054	0.7085827	-7.471645


[6:46]V_0:  0.6  A: 4.6

-0.5994	-31.4271	0.1111283
-0.5934	-8.891721	0.3629871
-0.5874	-6.020691	0.4938611
-0.5814	-4.620542	0.5907511
-0.5754	-3.732185	0.6687597
-0.5694	-3.095264	0.7340767
-0.5634	-2.605125	0.7899884
-0.5574	-2.210208	0.8385002
-0.5514	-1.881654	0.8809492
-0.5454	-1.601822	0.9182834
-0.5394	-1.359201	0.9512067
-0.5334	-1.145895	0.9802599
-0.5274	-0.9562714	1.005871
-0.5214	-0.7861752	1.028385
-0.5154	-0.6324615	1.048087
-0.5094	-0.4926939	1.065215
-0.5034	-0.3649485	1.079971
-0.4974	-0.2476799	1.092529
-0.4914	-0.1396285	1.103038
-0.4854	-0.03975454	1.11163
-0.4794	0.05281059	1.11842
-0.4734	0.1387998	1.12351
-0.4674	0.2188373	1.126992
-0.4614	0.2934592	1.128947
-0.4554	0.3631295	1.129448
-0.4494	0.4282525	1.128563
-0.4434	0.4891829	1.12635
-0.4374	0.5462333	1.122865
-0.4314	0.5996813	1.118157
-0.4254	0.6497741	1.112272
-0.4194	0.6967331	1.10525
-0.4134	0.7407575	1.097131
-0.4074	0.7820269	1.087949
-0.4014	0.8207045	1.077736
-0.3954	0.8569383	1.06652
-0.3894	0.8908635	1.054328
-0.3834	0.9226039	1.041184
-0.3774	0.952273	1.027111
-0.3714	0.9799752	1.012128
-0.3654	1.005807	0.9962539
-0.3594	1.029857	0.9795035
-0.3534	1.052209	0.9618916
-0.3474	1.072939	0.9434307
-0.3414	1.092118	0.9241315
-0.3354	1.109813	0.9040031
-0.3294	1.126086	0.8830527
-0.3234	1.140995	0.8612862
-0.3174	1.154595	0.8387075
-0.3114	1.166937	0.8153189
-0.3054	1.178067	0.7911211
-0.2994	1.188033	0.7661127
-0.2934	1.196876	0.7402907
-0.2874	1.204635	0.7136502
-0.2814	1.211349	0.6861841
-0.2754	1.217054	0.6578834
-0.2694	1.221782	0.6287368
-0.2634	1.225565	0.5987305
-0.2574	1.228434	0.5678483
-0.2514	1.230417	0.5360711
-0.2454	1.23154	0.5033768
-0.2394	1.231828	0.4697403
-0.2334	1.231306	0.4351326
-0.2274	1.229996	0.399521
-0.2214	1.227919	0.3628685
-0.2154	1.225095	0.325133
-0.2094	1.221542	0.2862673
-0.2034	1.217279	0.2462182
-0.1974	1.212321	0.2049257
-0.1914	1.206684	0.1623221
-0.1854	1.200382	0.118331
-0.1794	1.193427	0.07286626
-0.1734	1.185832	0.02583009
-0.1674	1.177608	-0.02288827
-0.1614	1.168762	-0.07341486
-0.1554	1.159305	-0.1258936
-0.1494	1.149242	-0.1804892
-0.1434	1.138579	-0.2373912
-0.1374	1.12732	-0.2968186
-0.1314	1.115466	-0.3590256
-0.1254	1.10302	-0.4243095
-0.1194	1.089978	-0.4930193
-0.1134	1.076337	-0.5655686
-0.1074	1.062091	-0.642451
-0.1014	1.04723	-0.7242609
-0.0954	1.031741	-0.8117215
-0.0894	1.015607	-0.9057225
-0.0834	0.9988046	-1.007373
-0.0774	0.9813051	-1.118076
-0.0714	0.9630712	-1.239636
-0.0654	0.9440552	-1.374422
-0.0594	0.9241955	-1.525614
-0.0534	0.9034116	-1.697603
-0.0474	0.8815968	-1.896656
-0.0414	0.8586062	-2.132096
-0.0354	0.8342363	-2.41854
-0.0294	0.8081891	-2.780529
-0.0234	0.779999	-3.263352
-0.0174	0.7488689	-3.963013
-0.0114	0.7132085	-5.13501
-0.0054	0.6687251	-7.865759


[7:35]V_0:  0.7  A: 3.5

-0.6993	-31.4738	0.09700302
-0.6923	-9.043853	0.3184516
-0.6853	-6.227154	0.4354956
-0.6783	-4.86689	0.5236561
-0.6713	-4.010358	0.5959527
-0.6643	-3.399835	0.6576912
-0.6573	-2.932063	0.711673
-0.6503	-2.556342	0.7595981
-0.6433	-2.244388	0.802594
-0.6363	-1.978968	0.8414557
-0.6293	-1.748876	0.8767701
-0.6223	-1.546453	0.9089862
-0.6153	-1.366252	0.9384566
-0.6083	-1.20427	0.9654653
-0.6013	-1.057489	0.9902447
-0.5943	-0.9235781	1.012988
-0.5873	-0.8007042	1.03386
-0.5803	-0.6874	1.052998
-0.5733	-0.582474	1.070524
-0.5663	-0.4849465	1.086541
-0.5593	-0.394002	1.101141
-0.5523	-0.3089552	1.114406
-0.5453	-0.2292247	1.126406
-0.5383	-0.154313	1.137206
-0.5313	-0.08379132	1.146863
-0.5243	-0.01728743	1.155428
-0.5173	0.04552379	1.162948
-0.5103	0.104928	1.169465
-0.5033	0.1611776	1.175018
-0.4963	0.2144965	1.179641
-0.4893	0.2650846	1.183366
-0.4823	0.3131209	1.186222
-0.4753	0.3587663	1.188236
-0.4683	0.402166	1.189431
-0.4613	0.4434517	1.18983
-0.4543	0.4827429	1.189452
-0.4473	0.5201486	1.188317
-0.4403	0.5557685	1.18644
-0.4333	0.589694	1.183838
-0.4263	0.6220088	1.180523
-0.4193	0.6527905	1.176509
-0.4123	0.6821102	1.171805
-0.4053	0.7100342	1.166422
-0.3983	0.7366236	1.160369
-0.3913	0.7619352	1.153651
-0.3843	0.786022	1.146276
-0.3773	0.8089333	1.138249
-0.3703	0.830715	1.129572
-0.3633	0.8514102	1.120249
-0.3563	0.8710592	1.110281
-0.3493	0.8896996	1.099668
-0.3423	0.9073669	1.088409
-0.3353	0.9240942	1.076502
-0.3283	0.9399128	1.063942
-0.3213	0.9548521	1.050726
-0.3143	0.9689398	1.036845
-0.3073	0.9822018	1.022293
-0.3003	0.9946628	1.00706
-0.2933	1.006346	0.9911335
-0.2863	1.017273	0.9745005
-0.2793	1.027464	0.9571456
-0.2723	1.036939	0.939051
-0.2653	1.045716	0.9201965
-0.2583	1.053812	0.9005591
-0.2513	1.061244	0.8801128
-0.2443	1.068026	0.8588283
-0.2373	1.074173	0.8366725
-0.2303	1.079697	0.8136081
-0.2233	1.084612	0.789593
-0.2163	1.088929	0.7645798
-0.2093	1.092657	0.738515
-0.2023	1.095808	0.711338
-0.1953	1.098389	0.6829799
-0.1883	1.100409	0.6533627
-0.1813	1.101875	0.6223975
-0.1743	1.102792	0.5899822
-0.1673	1.103165	0.5559999
-0.1603	1.102999	0.5203155
-0.1533	1.102295	0.4827725
-0.1463	1.101056	0.4431882
-0.1393	1.099282	0.4013482
-0.1323	1.096971	0.3569991
-0.1253	1.094119	0.3098388
-0.1183	1.090722	0.2595042
-0.1113	1.086772	0.2055544
-0.1043	1.082258	0.1474475
-0.0973	1.077166	0.08450984
-0.0903	1.071479	0.01589038
-0.0833	1.065174	-0.05950351
-0.0763	1.05822	-0.1431029
-0.0693	1.050579	-0.2368259
-0.0623	1.0422	-0.3433153
-0.0553	1.033016	-0.4663362
-0.0483	1.022938	-0.6114785
-0.0413	1.011839	-0.7874874
-0.0343	0.9995331	-1.009018
-0.0273	0.9857356	-1.30306
-0.0203	0.9699587	-1.726706
-0.0133	0.9512378	-2.431578
-0.0063	0.9269921	-4.060919


[7:36]V_0:  0.7  A: 3.6

-0.6993	-31.468	0.0988658
-0.6923	-9.024943	0.3243636
-0.6853	-6.201433	0.4432985
-0.6783	-4.83613	0.5326949
-0.6713	-3.975545	0.605843
-0.6643	-3.361628	0.6681622
-0.6573	-2.890953	0.7225161
-0.6503	-2.512713	0.7706437
-0.6433	-2.198554	0.8136988
-0.6363	-1.931194	0.8524957
-0.6293	-1.699389	0.8876359
-0.6223	-1.495452	0.9195796
-0.6153	-1.313914	0.9486889
-0.6083	-1.150753	0.9752552
-0.6013	-1.002936	0.9995173
-0.5943	-0.8681195	1.021674
-0.5873	-0.7444596	1.041894
-0.5803	-0.6304796	1.06032
-0.5733	-0.5249801	1.077076
-0.5663	-0.426974	1.092269
-0.5593	-0.3356398	1.105995
-0.5523	-0.2502864	1.118336
-0.5453	-0.1703274	1.129366
-0.5383	-0.09526073	1.139151
-0.5313	-0.02465357	1.14775
-0.5243	0.04187008	1.155217
-0.5173	0.1046388	1.161599
-0.5103	0.1639414	1.166941
-0.5033	0.2200331	1.171281
-0.4963	0.2731407	1.174656
-0.4893	0.3234665	1.177098
-0.4823	0.3711918	1.178637
-0.4753	0.4164796	1.179302
-0.4683	0.4594774	1.179115
-0.4613	0.5003185	1.178102
-0.4543	0.5391244	1.176281
-0.4473	0.5760057	1.173672
-0.4403	0.6110637	1.170293
-0.4333	0.6443911	1.166158
-0.4263	0.6760734	1.161283
-0.4193	0.7061893	1.155678
-0.4123	0.7348113	1.149357
-0.4053	0.7620067	1.142328
-0.3983	0.7878379	1.1346
-0.3913	0.8123628	1.12618
-0.3843	0.8356354	1.117075
-0.3773	0.857706	1.107288
-0.3703	0.8786215	1.096824
-0.3633	0.8984258	1.085685
-0.3563	0.91716	1.073872
-0.3493	0.9348627	1.061384
-0.3423	0.95157	1.048221
-0.3353	0.9673159	1.034378
-0.3283	0.9821323	1.019852
-0.3213	0.9960493	1.004637
-0.3143	1.009095	0.9887243
-0.3073	1.021297	0.9721061
-0.3003	1.032679	0.9547709
-0.2933	1.043265	0.936706
-0.2863	1.053078	0.9178963
-0.2793	1.062139	0.8983247
-0.2723	1.070468	0.8779714
-0.2653	1.078082	0.8568142
-0.2583	1.085001	0.8348277
-0.2513	1.09124	0.8119832
-0.2443	1.096814	0.7882485
-0.2373	1.101739	0.7635871
-0.2303	1.106028	0.737958
-0.2233	1.109693	0.7113151
-0.2163	1.112746	0.6836062
-0.2093	1.115198	0.6547725
-0.2023	1.117059	0.6247475
-0.1953	1.118337	0.5934556
-0.1883	1.119041	0.5608113
-0.1813	1.119177	0.5267166
-0.1743	1.118752	0.4910598
-0.1673	1.11777	0.4537125
-0.1603	1.116235	0.4145263
-0.1533	1.114149	0.3733293
-0.1463	1.111514	0.3299209
-0.1393	1.108329	0.2840655
-0.1323	1.104592	0.2354847
-0.1253	1.100299	0.1838465
-0.1183	1.095444	0.1287517
-0.1113	1.090019	0.06971531
-0.1043	1.084012	0.006141496
-0.0973	1.077407	-0.06271127
-0.0903	1.070184	-0.1377796
-0.0833	1.062318	-0.2202665
-0.0763	1.053777	-0.3117483
-0.0693	1.044516	-0.4143384
-0.0623	1.034482	-0.5309498
-0.0553	1.023602	-0.665734
-0.0483	1.011774	-0.8248567
-0.0413	0.9988627	-1.017968
-0.0343	0.9846636	-1.261245
-0.0273	0.9688628	-1.584492
-0.0203	0.9509247	-2.050783
-0.0133	0.9297877	-2.827687
-0.0063	0.9026062	-4.626425


[7:37]V_0:  0.7  A: 3.7

-0.6993	-31.4621	0.1007282
-0.6923	-9.005686	0.330263
-0.6853	-6.175257	0.4510688
-0.6783	-4.804846	0.541676
-0.6713	-3.940161	0.6156463
-0.6643	-3.322821	0.6785139
-0.6573	-2.849226	0.7332051
-0.6503	-2.468459	0.7814979
-0.6433	-2.152096	0.824573
-0.6363	-1.882804	0.8632642
-0.6293	-1.649301	0.8981878
-0.6223	-1.44387	0.9298158
-0.6153	-1.261019	0.9585194
-0.6083	-1.096708	0.9845979
-0.6013	-0.9478877	1.008297
-0.5943	-0.812202	1.02982
-0.5873	-0.6877955	1.049341
-0.5803	-0.5731819	1.067007
-0.5733	-0.4671536	1.082946
-0.5663	-0.3687161	1.097268
-0.5593	-0.2770414	1.11007
-0.5523	-0.1914327	1.12144
-0.5453	-0.1112983	1.131452
-0.5383	-0.03613143	1.140175
-0.5313	0.03450497	1.147669
-0.5243	0.1009908	1.153991
-0.5173	0.1636582	1.15919
-0.5103	0.2227993	1.16331
-0.5033	0.2786723	1.166392
-0.4963	0.3315068	1.168474
-0.4893	0.3815077	1.16959
-0.4823	0.4288587	1.16977
-0.4753	0.4737251	1.169043
-0.4683	0.5162565	1.167434
-0.4613	0.5565883	1.164968
-0.4543	0.5948436	1.161665
-0.4473	0.631135	1.157545
-0.4403	0.6655654	1.152626
-0.4333	0.6982291	1.146924
-0.4263	0.729213	1.140453
-0.4193	0.7585971	1.133226
-0.4123	0.7864554	1.125255
-0.4053	0.8128565	1.11655
-0.3983	0.8378639	1.10712
-0.3913	0.8615367	1.096971
-0.3843	0.88393	1.08611
-0.3773	0.905095	1.074541
-0.3703	0.9250797	1.062268
-0.3633	0.943929	1.049294
-0.3563	0.9616848	1.035618
-0.3493	0.9783866	1.02124
-0.3423	0.9940714	1.006158
-0.3353	1.008774	0.9903686
-0.3283	1.022527	0.9738666
-0.3213	1.035361	0.9566454
-0.3143	1.047305	0.9386967
-0.3073	1.058387	0.9200102
-0.3003	1.068631	0.9005741
-0.2933	1.078064	0.880374
-0.2863	1.086706	0.8593938
-0.2793	1.094581	0.8376144
-0.2723	1.101708	0.8150146
-0.2653	1.108106	0.79157
-0.2583	1.113793	0.7672529
-0.2513	1.118787	0.7420323
-0.2443	1.123104	0.715873
-0.2373	1.126757	0.6887355
-0.2303	1.129761	0.6605752
-0.2233	1.132129	0.6313422
-0.2163	1.133873	0.6009796
-0.2093	1.135003	0.5694239
-0.2023	1.135531	0.5366027
-0.1953	1.135464	0.5024341
-0.1883	1.13481	0.4668253
-0.1813	1.133578	0.42967
-0.1743	1.131772	0.3908471
-0.1673	1.129398	0.3502169
-0.1603	1.126459	0.3076188
-0.1533	1.122958	0.2628659
-0.1463	1.118894	0.2157404
-0.1393	1.114269	0.1659867
-0.1323	1.109078	0.1133021
-0.1253	1.103318	0.05732608
-0.1183	1.096981	-0.002375212
-0.1113	1.090059	-0.06632891
-0.1043	1.082538	-0.1351828
-0.0973	1.074401	-0.2097434
-0.0903	1.065627	-0.2910296
-0.0833	1.056188	-0.3803505
-0.0763	1.046048	-0.4794218
-0.0693	1.035161	-0.5905447
-0.0623	1.023468	-0.7168919
-0.0553	1.010888	-0.8629864
-0.0483	0.997315	-1.035548
-0.0413	0.9825979	-1.245097
-0.0343	0.9665174	-1.509275
-0.0273	0.9487321	-1.860597
-0.0203	0.92866	-2.367892
-0.0133	0.905146	-3.214091
-0.0063	0.8750906	-5.17589


[7:38]V_0:  0.7  A: 3.8

-0.6993	-31.45609	0.1025903
-0.6923	-8.986082	0.3361497
-0.6853	-6.148626	0.458806
-0.6783	-4.773041	0.5505983
-0.6713	-3.904211	0.6253613
-0.6643	-3.283422	0.6887446
-0.6573	-2.80689	0.7437375
-0.6503	-2.423592	0.7921578
-0.6433	-2.105028	0.8352134
-0.6363	-1.833814	0.8737577
-0.6293	-1.59863	0.9084223
-0.6223	-1.391727	0.9396907
-0.6153	-1.20759	0.967944
-0.6083	-1.04216	0.9934892
-0.6013	-0.8923719	1.016578
-0.5943	-0.7558554	1.037422
-0.5873	-0.6307438	1.056197
-0.5803	-0.5155412	1.073056
-0.5733	-0.4090311	1.08813
-0.5663	-0.3102117	1.101533
-0.5593	-0.2182482	1.113365
-0.5523	-0.1324376	1.123715
-0.5453	-0.05218306	1.132663
-0.5383	0.02302708	1.140277
-0.5313	0.09363442	1.146621
-0.5243	0.1600228	1.151752
-0.5173	0.2225281	1.155721
-0.5103	0.2814459	1.158575
-0.5033	0.3370374	1.160356
-0.4963	0.3895352	1.161102
-0.4893	0.439147	1.160849
-0.4823	0.4860588	1.159629
-0.4753	0.5304385	1.15747
-0.4683	0.5724376	1.1544
-0.4613	0.6121938	1.150443
-0.4543	0.6498322	1.145621
-0.4473	0.685467	1.139955
-0.4403	0.719203	1.133462
-0.4333	0.7511361	1.12616
-0.4263	0.7813547	1.118062
-0.4193	0.8099403	1.109184
-0.4123	0.8369684	1.099535
-0.4053	0.8625087	1.089128
-0.3983	0.8866262	1.077969
-0.3913	0.909381	1.066068
-0.3843	0.9308294	1.053431
-0.3773	0.9510238	1.040061
-0.3703	0.9700132	1.025962
-0.3633	0.9878433	1.011136
-0.3563	1.004557	0.9955841
-0.3493	1.020195	0.9793049
-0.3423	1.034795	0.962296
-0.3353	1.048393	0.9445534
-0.3283	1.061021	0.9260715
-0.3213	1.072712	0.9068431
-0.3143	1.083495	0.8868591
-0.3073	1.093399	0.8661083
-0.3003	1.102449	0.8445777
-0.2933	1.11067	0.8222522
-0.2863	1.118087	0.7991139
-0.2793	1.12472	0.7751426
-0.2723	1.130592	0.7503152
-0.2653	1.135721	0.7246056
-0.2583	1.140127	0.6979839
-0.2513	1.143826	0.6704169
-0.2443	1.146835	0.6418666
-0.2373	1.149169	0.6122908
-0.2303	1.150842	0.5816414
-0.2233	1.151868	0.5498647
-0.2163	1.152258	0.5168999
-0.2093	1.152024	0.4826784
-0.2023	1.151177	0.4471228
-0.1953	1.149725	0.410145
-0.1883	1.147677	0.3716451
-0.1813	1.145039	0.3315093
-0.1743	1.141818	0.2896071
-0.1673	1.138019	0.2457888
-0.1603	1.133645	0.1998813
-0.1533	1.128698	0.151684
-0.1463	1.123178	0.1009628
-0.1393	1.117086	0.04744255
-0.1323	1.110417	-0.009202072
-0.1253	1.103167	-0.06935906
-0.1183	1.095329	-0.1334952
-0.1113	1.086891	-0.2021779
-0.1043	1.077841	-0.2761046
-0.0973	1.068159	-0.3561437
-0.0903	1.057823	-0.4433926
-0.0833	1.046802	-0.5392619
-0.0763	1.035058	-0.6456006
-0.0693	1.022543	-0.7648892
-0.0623	1.009191	-0.9005488
-0.0553	0.994917	-1.057458
-0.0483	0.9796066	-1.242866
-0.0413	0.9630979	-1.468126
-0.0343	0.9451551	-1.752283
-0.0273	0.9254113	-2.130445
-0.0203	0.9032401	-2.676957
-0.0133	0.8773974	-3.589462
-0.0063	0.8445406	-5.707407


[7:39]V_0:  0.7  A: 3.9

-0.6993	-31.44997	0.104452
-0.6923	-8.966132	0.3420235
-0.6853	-6.121544	0.4665094
-0.6783	-4.740717	0.5594609
-0.6713	-3.867701	0.6349865
-0.6643	-3.243436	0.6988523
-0.6573	-2.763955	0.7541111
-0.6503	-2.378122	0.8026209
-0.6433	-2.057364	0.845617
-0.6363	-1.784241	0.883973
-0.6293	-1.547393	0.9183356
-0.6223	-1.339044	0.9492006
-0.6153	-1.15365	0.9769587
-0.6083	-0.9871349	1.001925
-0.6013	-0.8364157	1.024359
-0.5943	-0.6991092	1.044475
-0.5873	-0.5733367	1.062458
-0.5803	-0.4575919	1.078462
-0.5733	-0.3506496	1.092624
-0.5663	-0.2515	1.105061
-0.5593	-0.1593014	1.115877
-0.5523	-0.07334477	1.125162
-0.5453	0.006972488	1.132997
-0.5383	0.08216698	1.139457
-0.5313	0.1526849	1.144605
-0.5243	0.2189143	1.148501
-0.5173	0.2811948	1.151197
-0.5103	0.3398255	1.152741
-0.5033	0.3950711	1.153179
-0.4963	0.447167	1.152548
-0.4893	0.4963236	1.150886
-0.4823	0.5427299	1.148226
-0.4753	0.5865559	1.144598
-0.4683	0.6279556	1.140029
-0.4613	0.6670687	1.134546
-0.4543	0.7040225	1.128171
-0.4473	0.738933	1.120925
-0.4403	0.7719068	1.112827
-0.4333	0.8030415	1.103894
-0.4263	0.8324272	1.094142
-0.4193	0.8601469	1.083584
-0.4123	0.8862775	1.072234
-0.4053	0.9108902	1.0601
-0.3983	0.9340512	1.047193
-0.3913	0.9558219	1.033521
-0.3843	0.9762598	1.019089
-0.3773	0.9954184	1.003902
-0.3703	1.013348	0.9879639
-0.3633	1.030095	0.9712764
-0.3563	1.045704	0.9538397
-0.3493	1.060215	0.9356529
-0.3423	1.073669	0.9167131
-0.3353	1.0861	0.8970161
-0.3283	1.097544	0.8765557
-0.3213	1.108032	0.855324
-0.3143	1.117596	0.8333114
-0.3073	1.126264	0.810506
-0.3003	1.134063	0.7868938
-0.2933	1.141018	0.7624585
-0.2863	1.147155	0.7371813
-0.2793	1.152494	0.7110405
-0.2723	1.157059	0.6840115
-0.2653	1.160869	0.6560665
-0.2583	1.163943	0.6271738
-0.2513	1.166298	0.5972977
-0.2443	1.167953	0.5663981
-0.2373	1.168922	0.5344298
-0.2303	1.16922	0.5013418
-0.2233	1.168861	0.4670769
-0.2163	1.167857	0.4315703
-0.2093	1.16622	0.394749
-0.2023	1.16396	0.3565304
-0.1953	1.161086	0.316821
-0.1883	1.157608	0.2755144
-0.1813	1.153532	0.232489
-0.1743	1.148864	0.1876062
-0.1673	1.143609	0.1407061
-0.1603	1.137772	0.09160458
-0.1533	1.131353	0.04008767
-0.1463	1.124353	-0.01409428
-0.1393	1.116772	-0.07123454
-0.1323	1.108605	-0.1316801
-0.1253	1.099847	-0.1958449
-0.1183	1.090491	-0.2642271
-0.1113	1.080525	-0.337432
-0.1043	1.069934	-0.4162042
-0.0973	1.058698	-0.501471
-0.0903	1.046794	-0.5944044
-0.0833	1.034188	-0.696511
-0.0763	1.020841	-0.8097666
-0.0693	1.0067	-0.9368222
-0.0623	0.9916964	-1.081335
-0.0553	0.9757396	-1.248521
-0.0483	0.958707	-1.446135
-0.0413	0.9404268	-1.686321
-0.0343	0.9206478	-1.989461
-0.0273	0.8989787	-2.39313
-0.0203	0.8747513	-2.976926
-0.0133	0.8466372	-3.952512
-0.0063	0.8110621	-6.219134
