

V_0: 0.53 A: 9.91
1 -0.4950044727 0.005


V_0: 0.53 A: 9.92
1 -0.495066582 0.005


V_0: 0.53 A: 9.93
1 -0.4951183398 0.005


V_0: 0.53 A: 9.94
1 -0.4951804492 0.005


V_0: 0.53 A: 9.95
1 -0.495232207 0.005


V_0: 0.53 A: 9.96
1 -0.4952943164 0.005


V_0: 0.53 A: 9.97
1 -0.4953564258 0.005


V_0: 0.53 A: 9.98
1 -0.4954081836 0.005


V_0: 0.53 A: 9.99
1 -0.495470293 0.005


V_0: 0.54 A: 8.53
1 -0.4950840234 0.005


V_0: 0.54 A: 8.54
1 -0.4951683984 0.005


V_0: 0.54 A: 8.55
1 -0.4952527734 0.005


V_0: 0.54 A: 8.56
1 -0.4953476953 0.005


V_0: 0.54 A: 8.57
1 -0.4954320703 0.005


V_0: 0.54 A: 8.58
1 -0.4955058984 0.005


V_0: 0.54 A: 8.59
1 -0.4955902734 0.005


V_0: 0.54 A: 8.6
1 -0.4956746484 0.005


V_0: 0.54 A: 8.61
1 -0.4957590234 0.005


V_0: 0.54 A: 8.62
1 -0.4958433984 0.005


V_0: 0.54 A: 8.63
1 -0.4959277734 0.005


V_0: 0.54 A: 8.64
1 -0.4960121484 0.005


V_0: 0.54 A: 8.65
1 -0.4960965234 0.005


V_0: 0.54 A: 8.66
1 -0.4961808984 0.005


V_0: 0.54 A: 8.67
1 -0.4962547266 0.005


V_0: 0.54 A: 8.68
1 -0.4963391016 0.005


V_0: 0.54 A: 8.69
1 -0.4964234766 0.005


V_0: 0.54 A: 8.7
1 -0.4965078516 0.005


V_0: 0.54 A: 8.71
1 -0.4965816797 0.005


V_0: 0.54 A: 8.72
1 -0.4966660547 0.005


V_0: 0.54 A: 8.73
1 -0.4967504297 0.005


V_0: 0.54 A: 8.74
1 -0.4968242578 0.005


V_0: 0.54 A: 8.75
1 -0.4969086328 0.005


V_0: 0.54 A: 8.76
1 -0.4969824609 0.005


V_0: 0.54 A: 8.77
1 -0.4970668359 0.005


V_0: 0.54 A: 8.78
1 -0.4971406641 0.005


V_0: 0.54 A: 8.79
1 -0.4972250391 0.005


V_0: 0.54 A: 8.8
1 -0.4972988672 0.005


V_0: 0.54 A: 8.81
1 -0.4973832422 0.005


V_0: 0.54 A: 8.82
1 -0.4974570703 0.005


V_0: 0.54 A: 8.83
1 -0.4975414453 0.005


V_0: 0.54 A: 8.84
1 -0.4976152734 0.005


V_0: 0.54 A: 8.85
1 -0.4976996484 0.005


V_0: 0.54 A: 8.86
1 -0.4977734766 0.005


V_0: 0.54 A: 8.87
1 -0.4978473047 0.005


V_0: 0.54 A: 8.88
1 -0.4979316797 0.005


V_0: 0.54 A: 8.89
1 -0.4980055078 0.005


V_0: 0.54 A: 8.9
1 -0.4980793359 0.005


V_0: 0.54 A: 8.91
1 -0.4981637109 0.005


V_0: 0.54 A: 8.92
1 -0.4982375391 0.005


V_0: 0.54 A: 8.93
1 -0.4983113672 0.005


V_0: 0.54 A: 8.94
1 -0.4983851953 0.005


V_0: 0.54 A: 8.95
1 -0.4984695703 0.005


V_0: 0.54 A: 8.96
1 -0.4985433984 0.005


V_0: 0.54 A: 8.97
1 -0.4986172266 0.005


V_0: 0.54 A: 8.98
1 -0.4986910547 0.005


V_0: 0.54 A: 8.99
1 -0.4987648828 0.005


V_0: 0.54 A: 9
1 -0.4988387109 0.005


V_0: 0.54 A: 9.01
1 -0.4989125391 0.005


V_0: 0.54 A: 9.02
1 -0.4989863672 0.005


V_0: 0.54 A: 9.03
1 -0.4990601953 0.005


V_0: 0.54 A: 9.04
1 -0.4991445703 0.005


V_0: 0.54 A: 9.05
1 -0.4992183984 0.005


V_0: 0.54 A: 9.06
1 -0.4992922266 0.005


V_0: 0.54 A: 9.07
1 -0.4993555078 0.005


V_0: 0.54 A: 9.08
1 -0.4994293359 0.005


V_0: 0.54 A: 9.09
1 -0.4995031641 0.005


V_0: 0.54 A: 9.1
1 -0.4995769922 0.005


V_0: 0.54 A: 9.11
1 -0.4996508203 0.005


V_0: 0.54 A: 9.12
1 -0.4997246484 0.005


V_0: 0.54 A: 9.13
1 -0.4997984766 0.005


V_0: 0.54 A: 9.14
1 -0.4998723047 0.005


V_0: 0.54 A: 9.15
1 -0.4999461328 0.005


V_0: 0.54 A: 9.16
1 -0.5000094141 0.005


V_0: 0.54 A: 9.17
1 -0.5000832422 0.005


V_0: 0.54 A: 9.18
1 -0.5001570703 0.005


V_0: 0.54 A: 9.19
1 -0.5002308984 0.005


V_0: 0.54 A: 9.2
1 -0.5002941797 0.005


V_0: 0.54 A: 9.21
1 -0.5003680078 0.005


V_0: 0.54 A: 9.22
1 -0.5004418359 0.005


V_0: 0.54 A: 9.23
1 -0.5005156641 0.005


V_0: 0.54 A: 9.24
1 -0.5005789453 0.005


V_0: 0.54 A: 9.25
1 -0.5006527734 0.005


V_0: 0.54 A: 9.26
1 -0.5007160547 0.005


V_0: 0.54 A: 9.27
1 -0.5007898828 0.005


V_0: 0.54 A: 9.28
1 -0.5008637109 0.005


V_0: 0.54 A: 9.29
1 -0.5009269922 0.005


V_0: 0.54 A: 9.3
1 -0.5010008203 0.005


V_0: 0.54 A: 9.31
1 -0.5010641016 0.005


V_0: 0.54 A: 9.32
1 -0.5011379297 0.005


V_0: 0.54 A: 9.33
1 -0.5012012109 0.005


V_0: 0.54 A: 9.34
1 -0.5012750391 0.005


V_0: 0.54 A: 9.35
1 -0.5013383203 0.005


V_0: 0.54 A: 9.36
1 -0.5014121484 0.005


V_0: 0.54 A: 9.37
1 -0.5014754297 0.005


V_0: 0.54 A: 9.38
1 -0.5015492578 0.005


V_0: 0.54 A: 9.39
1 -0.5016125391 0.005


V_0: 0.54 A: 9.4
1 -0.5016758203 0.005


V_0: 0.54 A: 9.41
1 -0.5017496484 0.005


V_0: 0.54 A: 9.42
1 -0.5018129297 0.005


V_0: 0.54 A: 9.43
1 -0.5018762109 0.005


V_0: 0.54 A: 9.44
1 -0.5019500391 0.005


V_0: 0.54 A: 9.45
1 -0.5020133203 0.005


V_0: 0.54 A: 9.46
1 -0.5020766016 0.005


V_0: 0.54 A: 9.47
1 -0.5021504297 0.005


V_0: 0.54 A: 9.48
1 -0.5022137109 0.005


V_0: 0.54 A: 9.49
1 -0.5022769922 0.005


V_0: 0.54 A: 9.5
1 -0.5023402734 0.005


V_0: 0.54 A: 9.51
1 -0.5024141016 0.005


V_0: 0.54 A: 9.52
1 -0.5024773828 0.005


V_0: 0.54 A: 9.53
1 -0.5025406641 0.005


V_0: 0.54 A: 9.54
1 -0.5026039453 0.005


V_0: 0.54 A: 9.55
1 -0.5026672266 0.005


V_0: 0.54 A: 9.56
1 -0.5027305078 0.005


V_0: 0.54 A: 9.57
1 -0.5027937891 0.005


V_0: 0.54 A: 9.58
1 -0.5028570703 0.005


V_0: 0.54 A: 9.59
1 -0.5029308984 0.005


V_0: 0.54 A: 9.6
1 -0.5029941797 0.005


V_0: 0.54 A: 9.61
1 -0.5030574609 0.005


V_0: 0.54 A: 9.62
1 -0.5031207422 0.005


V_0: 0.54 A: 9.63
1 -0.5031840234 0.005


V_0: 0.54 A: 9.64
1 -0.5032473047 0.005


V_0: 0.54 A: 9.65
1 -0.5033105859 0.005


V_0: 0.54 A: 9.66
1 -0.5033738672 0.005


V_0: 0.54 A: 9.67
1 -0.5034371484 0.005


V_0: 0.54 A: 9.68
1 -0.5035004297 0.005


V_0: 0.54 A: 9.69
1 -0.5035531641 0.005


V_0: 0.54 A: 9.7
1 -0.5036164453 0.005


V_0: 0.54 A: 9.71
1 -0.5036797266 0.005


V_0: 0.54 A: 9.72
1 -0.5037430078 0.005


V_0: 0.54 A: 9.73
1 -0.5038062891 0.005


V_0: 0.54 A: 9.74
1 -0.5038695703 0.005


V_0: 0.54 A: 9.75
1 -0.5039328516 0.005


V_0: 0.54 A: 9.76
1 -0.5039961328 0.005


V_0: 0.54 A: 9.77
1 -0.5040488672 0.005


V_0: 0.54 A: 9.78
1 -0.5041121484 0.005


V_0: 0.54 A: 9.79
1 -0.5041754297 0.005


V_0: 0.54 A: 9.8
1 -0.5042387109 0.005


V_0: 0.54 A: 9.81
1 -0.5042914453 0.005


V_0: 0.54 A: 9.82
1 -0.5043547266 0.005


V_0: 0.54 A: 9.83
1 -0.5044180078 0.005


V_0: 0.54 A: 9.84
1 -0.5044812891 0.005


V_0: 0.54 A: 9.85
1 -0.5045340234 0.005


V_0: 0.54 A: 9.86
1 -0.5045973047 0.005


V_0: 0.54 A: 9.87
1 -0.5046605859 0.005


V_0: 0.54 A: 9.88
1 -0.5047133203 0.005


V_0: 0.54 A: 9.89
1 -0.5047766016 0.005


V_0: 0.54 A: 9.9
1 -0.5048293359 0.005


V_0: 0.54 A: 9.91
1 -0.5048926172 0.005


V_0: 0.54 A: 9.92
1 -0.5049558984 0.005


V_0: 0.55 A: 7.54
1 -0.4950891602 0.005


V_0: 0.55 A: 7.55
1 -0.4952073242 0.005


V_0: 0.55 A: 7.56
1 -0.4953254883 0.005


V_0: 0.55 A: 7.57
1 -0.4954329102 0.005


V_0: 0.55 A: 7.58
1 -0.4955510742 0.005


V_0: 0.55 A: 7.59
1 -0.4956584961 0.005


V_0: 0.55 A: 7.6
1 -0.4957766602 0.005


V_0: 0.55 A: 7.61
1 -0.495884082 0.005


V_0: 0.55 A: 7.62
1 -0.4960022461 0.005


V_0: 0.55 A: 7.63
1 -0.496109668 0.005


V_0: 0.55 A: 7.64
1 -0.496227832 0.005


V_0: 0.55 A: 7.65
1 -0.4963352539 0.005


V_0: 0.55 A: 7.66
1 -0.4964426758 0.005


V_0: 0.55 A: 7.67
1 -0.4965608398 0.005


V_0: 0.55 A: 7.68
1 -0.4966682617 0.005


V_0: 0.55 A: 7.69
1 -0.4967756836 0.005


V_0: 0.55 A: 7.7
1 -0.4968831055 0.005


V_0: 0.55 A: 7.71
1 -0.4970012695 0.005


V_0: 0.55 A: 7.72
1 -0.4971086914 0.005


V_0: 0.55 A: 7.73
1 -0.4972161133 0.005


V_0: 0.55 A: 7.74
1 -0.4973235352 0.005


V_0: 0.55 A: 7.75
1 -0.497430957 0.005


V_0: 0.55 A: 7.76
1 -0.4975383789 0.005


V_0: 0.55 A: 7.77
1 -0.4976458008 0.005


V_0: 0.55 A: 7.78
1 -0.4977532227 0.005


V_0: 0.55 A: 7.79
1 -0.4978606445 0.005


V_0: 0.55 A: 7.8
1 -0.4979680664 0.005


V_0: 0.55 A: 7.81
1 -0.4980754883 0.005


V_0: 0.55 A: 7.82
1 -0.498172168 0.005


V_0: 0.55 A: 7.83
1 -0.4982795898 0.005


V_0: 0.55 A: 7.84
1 -0.4983870117 0.005


V_0: 0.55 A: 7.85
1 -0.4984944336 0.005


V_0: 0.55 A: 7.86
1 -0.4985911133 0.005


V_0: 0.55 A: 7.87
1 -0.4986985352 0.005


V_0: 0.55 A: 7.88
1 -0.498805957 0.005


V_0: 0.55 A: 7.89
1 -0.4989026367 0.005


V_0: 0.55 A: 7.9
1 -0.4990100586 0.005


V_0: 0.55 A: 7.91
1 -0.4991174805 0.005


V_0: 0.55 A: 7.92
1 -0.4992141602 0.005


V_0: 0.55 A: 7.93
1 -0.499321582 0.005


V_0: 0.55 A: 7.94
1 -0.4994182617 0.005


V_0: 0.55 A: 7.95
1 -0.4995256836 0.005


V_0: 0.55 A: 7.96
1 -0.4996223633 0.005


V_0: 0.55 A: 7.97
1 -0.499719043 0.005


V_0: 0.55 A: 7.98
1 -0.4998264648 0.005


V_0: 0.55 A: 7.99
1 -0.4999231445 0.005


V_0: 0.55 A: 8
1 -0.5000198242 0.005


V_0: 0.55 A: 8.01
1 -0.5001272461 0.005


V_0: 0.55 A: 8.02
1 -0.5002239258 0.005


V_0: 0.55 A: 8.03
1 -0.5003206055 0.005


V_0: 0.55 A: 8.04
1 -0.5004172852 0.005


V_0: 0.55 A: 8.05
1 -0.500524707 0.005


V_0: 0.55 A: 8.06
1 -0.5006213867 0.005


V_0: 0.55 A: 8.07
1 -0.5007180664 0.005


V_0: 0.55 A: 8.08
1 -0.5008147461 0.005


V_0: 0.55 A: 8.09
1 -0.5009114258 0.005


V_0: 0.55 A: 8.1
1 -0.5010081055 0.005


V_0: 0.55 A: 8.11
1 -0.5011047852 0.005


V_0: 0.55 A: 8.12
1 -0.5012014648 0.005


V_0: 0.55 A: 8.13
1 -0.5012981445 0.005


V_0: 0.55 A: 8.14
1 -0.5013948242 0.005


V_0: 0.55 A: 8.15
1 -0.5014915039 0.005


V_0: 0.55 A: 8.16
1 -0.5015881836 0.005


V_0: 0.55 A: 8.17
1 -0.5016848633 0.005


V_0: 0.55 A: 8.18
1 -0.501781543 0.005


V_0: 0.55 A: 8.19
1 -0.5018674805 0.005


V_0: 0.55 A: 8.2
1 -0.5019641602 0.005


V_0: 0.55 A: 8.21
1 -0.5020608398 0.005


V_0: 0.55 A: 8.22
1 -0.5021575195 0.005


V_0: 0.55 A: 8.23
1 -0.502243457 0.005


V_0: 0.55 A: 8.24
1 -0.5023401367 0.005


V_0: 0.55 A: 8.25
1 -0.5024368164 0.005


V_0: 0.55 A: 8.26
1 -0.5025227539 0.005


V_0: 0.55 A: 8.27
1 -0.5026194336 0.005


V_0: 0.55 A: 8.28
1 -0.5027161133 0.005


V_0: 0.55 A: 8.29
1 -0.5028020508 0.005


V_0: 0.55 A: 8.3
1 -0.5028987305 0.005


V_0: 0.55 A: 8.31
1 -0.502984668 0.005


V_0: 0.55 A: 8.32
1 -0.5030813477 0.005


V_0: 0.55 A: 8.33
1 -0.5031672852 0.005


V_0: 0.55 A: 8.34
1 -0.5032532227 0.005


V_0: 0.55 A: 8.35
1 -0.5033499023 0.005


V_0: 0.55 A: 8.36
1 -0.5034358398 0.005


V_0: 0.55 A: 8.37
1 -0.5035325195 0.005


V_0: 0.55 A: 8.38
1 -0.503618457 0.005


V_0: 0.55 A: 8.39
1 -0.5037043945 0.005


V_0: 0.55 A: 8.4
1 -0.5038010742 0.005


V_0: 0.55 A: 8.41
1 -0.5038870117 0.005


V_0: 0.55 A: 8.42
1 -0.5039729492 0.005


V_0: 0.55 A: 8.43
1 -0.5040588867 0.005


V_0: 0.55 A: 8.44
1 -0.5041448242 0.005


V_0: 0.55 A: 8.45
1 -0.5042415039 0.005


V_0: 0.55 A: 8.46
1 -0.5043274414 0.005


V_0: 0.55 A: 8.47
1 -0.5044133789 0.005


V_0: 0.55 A: 8.48
1 -0.5044993164 0.005


V_0: 0.55 A: 8.49
1 -0.5045852539 0.005


V_0: 0.55 A: 8.5
1 -0.5046711914 0.005


V_0: 0.55 A: 8.51
1 -0.5047571289 0.005


V_0: 0.55 A: 8.52
1 -0.5048430664 0.005


V_0: 0.55 A: 8.53
1 -0.5049290039 0.005


V_0: 0.56 A: 6.79
1 -0.4950782812 0.005


V_0: 0.56 A: 6.8
1 -0.4952204687 0.005


V_0: 0.56 A: 6.81
1 -0.4953735937 0.005


V_0: 0.56 A: 6.82
1 -0.4955157812 0.005


V_0: 0.56 A: 6.83
1 -0.4956579687 0.005


V_0: 0.56 A: 6.84
1 -0.4958110937 0.005


V_0: 0.56 A: 6.85
1 -0.4959532812 0.005


V_0: 0.56 A: 6.86
1 -0.4960954687 0.005


V_0: 0.56 A: 6.87
1 -0.4962376562 0.005


V_0: 0.56 A: 6.88
1 -0.4963798437 0.005


V_0: 0.56 A: 6.89
1 -0.4965329687 0.005


V_0: 0.56 A: 6.9
1 -0.4966751562 0.005


V_0: 0.56 A: 6.91
1 -0.4968173437 0.005


V_0: 0.56 A: 6.92
1 -0.4969485937 0.005


V_0: 0.56 A: 6.93
1 -0.4970907812 0.005


V_0: 0.56 A: 6.94
1 -0.4972329687 0.005


V_0: 0.56 A: 6.95
1 -0.4973751562 0.005


V_0: 0.56 A: 6.96
1 -0.4975173437 0.005


V_0: 0.56 A: 6.97
1 -0.4976595312 0.005


V_0: 0.56 A: 6.98
1 -0.4977907812 0.005


V_0: 0.56 A: 6.99
1 -0.4979329687 0.005


V_0: 0.56 A: 7
1 -0.4980642187 0.005


V_0: 0.56 A: 7.01
1 -0.4982064062 0.005


V_0: 0.56 A: 7.02
1 -0.4983485937 0.005


V_0: 0.56 A: 7.03
1 -0.4984798437 0.005


V_0: 0.56 A: 7.04
1 -0.4986110937 0.005


V_0: 0.56 A: 7.05
1 -0.4987532812 0.005


V_0: 0.56 A: 7.06
1 -0.4988845312 0.005


V_0: 0.56 A: 7.07
1 -0.4990157812 0.005


V_0: 0.56 A: 7.08
1 -0.4991579687 0.005


V_0: 0.56 A: 7.09
1 -0.4992892187 0.005


V_0: 0.56 A: 7.1
1 -0.4994204687 0.005


V_0: 0.56 A: 7.11
1 -0.4995517187 0.005


V_0: 0.56 A: 7.12
1 -0.4996829687 0.005


V_0: 0.56 A: 7.13
1 -0.4998251562 0.005


V_0: 0.56 A: 7.14
1 -0.4999564062 0.005


V_0: 0.56 A: 7.15
1 -0.5000876562 0.005


V_0: 0.56 A: 7.16
1 -0.5002189062 0.005


V_0: 0.56 A: 7.17
1 -0.5003392187 0.005


V_0: 0.56 A: 7.18
1 -0.5004704687 0.005


V_0: 0.56 A: 7.19
1 -0.5006017187 0.005


V_0: 0.56 A: 7.2
1 -0.5007329687 0.005


V_0: 0.56 A: 7.21
1 -0.5008642187 0.005


V_0: 0.56 A: 7.22
1 -0.5009845312 0.005


V_0: 0.56 A: 7.23
1 -0.5011157812 0.005


V_0: 0.56 A: 7.24
1 -0.5012470312 0.005


V_0: 0.56 A: 7.25
1 -0.5013673437 0.005


V_0: 0.56 A: 7.26
1 -0.5014985937 0.005


V_0: 0.56 A: 7.27
1 -0.5016189062 0.005


V_0: 0.56 A: 7.28
1 -0.5017501562 0.005


V_0: 0.56 A: 7.29
1 -0.5018704687 0.005


V_0: 0.56 A: 7.3
1 -0.5020017187 0.005


V_0: 0.56 A: 7.31
1 -0.5021220312 0.005


V_0: 0.56 A: 7.32
1 -0.5022532812 0.005


V_0: 0.56 A: 7.33
1 -0.5023735937 0.005


V_0: 0.56 A: 7.34
1 -0.5024939062 0.005


V_0: 0.56 A: 7.35
1 -0.5026142187 0.005


V_0: 0.56 A: 7.36
1 -0.5027454687 0.005


V_0: 0.56 A: 7.37
1 -0.5028657812 0.005


V_0: 0.56 A: 7.38
1 -0.5029860937 0.005


V_0: 0.56 A: 7.39
1 -0.5031064062 0.005


V_0: 0.56 A: 7.4
1 -0.5032267187 0.005


V_0: 0.56 A: 7.41
1 -0.5033470312 0.005


V_0: 0.56 A: 7.42
1 -0.5034673437 0.005


V_0: 0.56 A: 7.43
1 -0.5035876562 0.005


V_0: 0.56 A: 7.44
1 -0.5037079687 0.005


V_0: 0.56 A: 7.45
1 -0.5038282812 0.005


V_0: 0.56 A: 7.46
1 -0.5039485937 0.005


V_0: 0.56 A: 7.47
1 -0.5040689062 0.005


V_0: 0.56 A: 7.48
1 -0.5041782812 0.005


V_0: 0.56 A: 7.49
1 -0.5042985937 0.005


V_0: 0.56 A: 7.5
1 -0.5044189062 0.005


V_0: 0.56 A: 7.51
1 -0.5045392187 0.005


V_0: 0.56 A: 7.52
1 -0.5046485937 0.005


V_0: 0.56 A: 7.53
1 -0.5047689062 0.005


V_0: 0.56 A: 7.54
1 -0.5048892187 0.005


V_0: 0.56 A: 7.55
1 -0.5049985937 0.005


V_0: 0.57 A: 6.2
1 -0.4951017773 0.005


V_0: 0.57 A: 6.21
1 -0.4952799023 0.005


V_0: 0.57 A: 6.22
1 -0.4954580273 0.005


V_0: 0.57 A: 6.23
1 -0.4956472852 0.005


V_0: 0.57 A: 6.24
1 -0.4958254102 0.005


V_0: 0.57 A: 6.25
1 -0.4960035352 0.005


V_0: 0.57 A: 6.26
1 -0.4961816602 0.005


V_0: 0.57 A: 6.27
1 -0.4963597852 0.005


V_0: 0.57 A: 6.28
1 -0.4965379102 0.005


V_0: 0.57 A: 6.29
1 -0.4967160352 0.005


V_0: 0.57 A: 6.3
1 -0.4968941602 0.005


V_0: 0.57 A: 6.31
1 -0.4970611523 0.005


V_0: 0.57 A: 6.32
1 -0.4972392773 0.005


V_0: 0.57 A: 6.33
1 -0.4974174023 0.005


V_0: 0.57 A: 6.34
1 -0.4975843945 0.005


V_0: 0.57 A: 6.35
1 -0.4977625195 0.005


V_0: 0.57 A: 6.36
1 -0.4979295117 0.005


V_0: 0.57 A: 6.37
1 -0.4981076367 0.005


V_0: 0.57 A: 6.38
1 -0.4982746289 0.005


V_0: 0.57 A: 6.39
1 -0.4984527539 0.005


V_0: 0.57 A: 6.4
1 -0.4986197461 0.005


V_0: 0.57 A: 6.41
1 -0.4987867383 0.005


V_0: 0.57 A: 6.42
1 -0.4989537305 0.005


V_0: 0.57 A: 6.43
1 -0.4991207227 0.005


V_0: 0.57 A: 6.44
1 -0.4992988477 0.005


V_0: 0.57 A: 6.45
1 -0.4994658398 0.005


V_0: 0.57 A: 6.46
1 -0.499632832 0.005


V_0: 0.57 A: 6.47
1 -0.4997886914 0.005


V_0: 0.57 A: 6.48
1 -0.4999556836 0.005


V_0: 0.57 A: 6.49
1 -0.5001226758 0.005


V_0: 0.57 A: 6.5
1 -0.500289668 0.005


V_0: 0.57 A: 6.51
1 -0.5004566602 0.005


V_0: 0.57 A: 6.52
1 -0.5006125195 0.005


V_0: 0.57 A: 6.53
1 -0.5007795117 0.005


V_0: 0.57 A: 6.54
1 -0.5009353711 0.005


V_0: 0.57 A: 6.55
1 -0.5011023633 0.005


V_0: 0.57 A: 6.56
1 -0.5012582227 0.005


V_0: 0.57 A: 6.57
1 -0.5014252148 0.005


V_0: 0.57 A: 6.58
1 -0.5015810742 0.005


V_0: 0.57 A: 6.59
1 -0.5017369336 0.005


V_0: 0.57 A: 6.6
1 -0.5019039258 0.005


V_0: 0.57 A: 6.61
1 -0.5020597852 0.005


V_0: 0.57 A: 6.62
1 -0.5022156445 0.005


V_0: 0.57 A: 6.63
1 -0.5023715039 0.005


V_0: 0.57 A: 6.64
1 -0.5025273633 0.005


V_0: 0.57 A: 6.65
1 -0.5026832227 0.005


V_0: 0.57 A: 6.66
1 -0.502839082 0.005


V_0: 0.57 A: 6.67
1 -0.5029949414 0.005


V_0: 0.57 A: 6.68
1 -0.5031508008 0.005


V_0: 0.57 A: 6.69
1 -0.5033066602 0.005


V_0: 0.57 A: 6.7
1 -0.5034625195 0.005


V_0: 0.57 A: 6.71
1 -0.5036072461 0.005


V_0: 0.57 A: 6.72
1 -0.5037631055 0.005


V_0: 0.57 A: 6.73
1 -0.5039189648 0.005


V_0: 0.57 A: 6.74
1 -0.5040636914 0.005


V_0: 0.57 A: 6.75
1 -0.5042195508 0.005


V_0: 0.57 A: 6.76
1 -0.5043642773 0.005


V_0: 0.57 A: 6.77
1 -0.5045201367 0.005


V_0: 0.57 A: 6.78
1 -0.5046648633 0.005


V_0: 0.57 A: 6.79
1 -0.5048095898 0.005


V_0: 0.57 A: 6.8
1 -0.5049654492 0.005


V_0: 0.58 A: 5.72
1 -0.4951330859 0.005


V_0: 0.58 A: 5.73
1 -0.4953483203 0.005


V_0: 0.58 A: 5.74
1 -0.4955748828 0.005


V_0: 0.58 A: 5.75
1 -0.4957901172 0.005


V_0: 0.58 A: 5.76
1 -0.4960053516 0.005


V_0: 0.58 A: 5.77
1 -0.4962205859 0.005


V_0: 0.58 A: 5.78
1 -0.4964358203 0.005


V_0: 0.58 A: 5.79
1 -0.4966510547 0.005


V_0: 0.58 A: 5.8
1 -0.4968662891 0.005


V_0: 0.58 A: 5.81
1 -0.4970815234 0.005


V_0: 0.58 A: 5.82
1 -0.4972854297 0.005


V_0: 0.58 A: 5.83
1 -0.4975006641 0.005


V_0: 0.58 A: 5.84
1 -0.4977045703 0.005


V_0: 0.58 A: 5.85
1 -0.4979198047 0.005


V_0: 0.58 A: 5.86
1 -0.4981237109 0.005


V_0: 0.58 A: 5.87
1 -0.4983389453 0.005


V_0: 0.58 A: 5.88
1 -0.4985428516 0.005


V_0: 0.58 A: 5.89
1 -0.4987467578 0.005


V_0: 0.58 A: 5.9
1 -0.4989506641 0.005


V_0: 0.58 A: 5.91
1 -0.4991545703 0.005


V_0: 0.58 A: 5.92
1 -0.4993584766 0.005


V_0: 0.58 A: 5.93
1 -0.4995623828 0.005


V_0: 0.58 A: 5.94
1 -0.4997662891 0.005


V_0: 0.58 A: 5.95
1 -0.4999701953 0.005


V_0: 0.58 A: 5.96
1 -0.5001741016 0.005


V_0: 0.58 A: 5.97
1 -0.5003666797 0.005


V_0: 0.58 A: 5.98
1 -0.5005705859 0.005


V_0: 0.58 A: 5.99
1 -0.5007744922 0.005


V_0: 0.58 A: 6
1 -0.5009670703 0.005


V_0: 0.58 A: 6.01
1 -0.5011709766 0.005


V_0: 0.58 A: 6.02
1 -0.5013635547 0.005


V_0: 0.58 A: 6.03
1 -0.5015561328 0.005


V_0: 0.58 A: 6.04
1 -0.5017487109 0.005


V_0: 0.58 A: 6.05
1 -0.5019526172 0.005


V_0: 0.58 A: 6.06
1 -0.5021451953 0.005


V_0: 0.58 A: 6.07
1 -0.5023377734 0.005


V_0: 0.58 A: 6.08
1 -0.5025303516 0.005


V_0: 0.58 A: 6.09
1 -0.5027229297 0.005


V_0: 0.58 A: 6.1
1 -0.5029041797 0.005


V_0: 0.58 A: 6.11
1 -0.5030967578 0.005


V_0: 0.58 A: 6.12
1 -0.5032893359 0.005


V_0: 0.58 A: 6.13
1 -0.5034819141 0.005


V_0: 0.58 A: 6.14
1 -0.5036631641 0.005


V_0: 0.58 A: 6.15
1 -0.5038557422 0.005


V_0: 0.58 A: 6.16
1 -0.5040369922 0.005


V_0: 0.58 A: 6.17
1 -0.5042295703 0.005


V_0: 0.58 A: 6.18
1 -0.5044108203 0.005


V_0: 0.58 A: 6.19
1 -0.5045920703 0.005


V_0: 0.58 A: 6.2
1 -0.5047846484 0.005


V_0: 0.58 A: 6.21
1 -0.5049658984 0.005


V_0: 0.59 A: 5.32
1 -0.4951886133 0.005


V_0: 0.59 A: 5.33
1 -0.4954421289 0.005


V_0: 0.59 A: 5.34
1 -0.495707168 0.005


V_0: 0.59 A: 5.35
1 -0.4959606836 0.005


V_0: 0.59 A: 5.36
1 -0.4962141992 0.005


V_0: 0.59 A: 5.37
1 -0.4964677148 0.005


V_0: 0.59 A: 5.38
1 -0.4967212305 0.005


V_0: 0.59 A: 5.39
1 -0.4969747461 0.005


V_0: 0.59 A: 5.4
1 -0.4972282617 0.005


V_0: 0.59 A: 5.41
1 -0.4974702539 0.005


V_0: 0.59 A: 5.42
1 -0.4977237695 0.005


V_0: 0.59 A: 5.43
1 -0.4979657617 0.005


V_0: 0.59 A: 5.44
1 -0.4982192773 0.005


V_0: 0.59 A: 5.45
1 -0.4984612695 0.005


V_0: 0.59 A: 5.46
1 -0.4987147852 0.005


V_0: 0.59 A: 5.47
1 -0.4989567773 0.005


V_0: 0.59 A: 5.48
1 -0.4991987695 0.005


V_0: 0.59 A: 5.49
1 -0.4994407617 0.005


V_0: 0.59 A: 5.5
1 -0.4996827539 0.005


V_0: 0.59 A: 5.51
1 -0.4999247461 0.005


V_0: 0.59 A: 5.52
1 -0.5001552148 0.005


V_0: 0.59 A: 5.53
1 -0.500397207 0.005


V_0: 0.59 A: 5.54
1 -0.5006391992 0.005


V_0: 0.59 A: 5.55
1 -0.500869668 0.005


V_0: 0.59 A: 5.56
1 -0.5011116602 0.005


V_0: 0.59 A: 5.57
1 -0.5013421289 0.005


V_0: 0.59 A: 5.58
1 -0.5015725977 0.005


V_0: 0.59 A: 5.59
1 -0.5018145898 0.005


V_0: 0.59 A: 5.6
1 -0.5020450586 0.005


V_0: 0.59 A: 5.61
1 -0.5022755273 0.005


V_0: 0.59 A: 5.62
1 -0.5025059961 0.005


V_0: 0.59 A: 5.63
1 -0.5027364648 0.005


V_0: 0.59 A: 5.64
1 -0.5029669336 0.005


V_0: 0.59 A: 5.65
1 -0.5031858789 0.005


V_0: 0.59 A: 5.66
1 -0.5034163477 0.005


V_0: 0.59 A: 5.67
1 -0.5036468164 0.005


V_0: 0.59 A: 5.68
1 -0.5038657617 0.005


V_0: 0.59 A: 5.69
1 -0.5040962305 0.005


V_0: 0.59 A: 5.7
1 -0.5043151758 0.005


V_0: 0.59 A: 5.71
1 -0.5045341211 0.005


V_0: 0.59 A: 5.72
1 -0.5047530664 0.005


V_0: 0.59 A: 5.73
1 -0.5049835352 0.005


V_0: 0.6 A: 4.98
1 -0.4952496094 0.005


V_0: 0.6 A: 4.99
1 -0.4955425781 0.005


V_0: 0.6 A: 5
1 -0.4958472656 0.005


V_0: 0.6 A: 5.01
1 -0.4961402344 0.005


V_0: 0.6 A: 5.02
1 -0.4964332031 0.005


V_0: 0.6 A: 5.03
1 -0.4967261719 0.005


V_0: 0.6 A: 5.04
1 -0.4970191406 0.005


V_0: 0.6 A: 5.05
1 -0.4973121094 0.005


V_0: 0.6 A: 5.06
1 -0.4976050781 0.005


V_0: 0.6 A: 5.07
1 -0.4978980469 0.005


V_0: 0.6 A: 5.08
1 -0.4981792969 0.005


V_0: 0.6 A: 5.09
1 -0.4984722656 0.005


V_0: 0.6 A: 5.1
1 -0.4987535156 0.005


V_0: 0.6 A: 5.11
1 -0.4990347656 0.005


V_0: 0.6 A: 5.12
1 -0.4993160156 0.005


V_0: 0.6 A: 5.13
1 -0.4996089844 0.005


V_0: 0.6 A: 5.14
1 -0.4998785156 0.005


V_0: 0.6 A: 5.15
1 -0.5001597656 0.005


V_0: 0.6 A: 5.16
1 -0.5004410156 0.005


V_0: 0.6 A: 5.17
1 -0.5007222656 0.005


V_0: 0.6 A: 5.18
1 -0.5009917969 0.005


V_0: 0.6 A: 5.19
1 -0.5012730469 0.005


V_0: 0.6 A: 5.2
1 -0.5015425781 0.005


V_0: 0.6 A: 5.21
1 -0.5018238281 0.005


V_0: 0.6 A: 5.22
1 -0.5020933594 0.005


V_0: 0.6 A: 5.23
1 -0.5023628906 0.005


V_0: 0.6 A: 5.24
1 -0.5026324219 0.005


V_0: 0.6 A: 5.25
1 -0.5029019531 0.005


V_0: 0.6 A: 5.26
1 -0.5031714844 0.005


V_0: 0.6 A: 5.27
1 -0.5034292969 0.005


V_0: 0.6 A: 5.28
1 -0.5036988281 0.005


V_0: 0.6 A: 5.29
1 -0.5039683594 0.005


V_0: 0.6 A: 5.3
1 -0.5042261719 0.005


V_0: 0.6 A: 5.31
1 -0.5044839844 0.005


V_0: 0.6 A: 5.32
1 -0.5047535156 0.005


V_0: 0.61 A: 4.68
1 -0.4950805273 0.005


V_0: 0.61 A: 4.69
1 -0.4954260352 0.005


V_0: 0.61 A: 4.7
1 -0.495771543 0.005


V_0: 0.61 A: 4.71
1 -0.4961051367 0.005


V_0: 0.61 A: 4.72
1 -0.4964387305 0.005


V_0: 0.61 A: 4.73
1 -0.4967842383 0.005


V_0: 0.61 A: 4.74
1 -0.497117832 0.005


V_0: 0.61 A: 4.75
1 -0.4974514258 0.005


V_0: 0.61 A: 4.76
1 -0.4977850195 0.005


V_0: 0.61 A: 4.77
1 -0.4981186133 0.005


V_0: 0.61 A: 4.78
1 -0.498440293 0.005


V_0: 0.61 A: 4.79
1 -0.4987738867 0.005


V_0: 0.61 A: 4.8
1 -0.4990955664 0.005


V_0: 0.61 A: 4.81
1 -0.4994291602 0.005


V_0: 0.61 A: 4.82
1 -0.4997508398 0.005


V_0: 0.61 A: 4.83
1 -0.5000725195 0.005


V_0: 0.61 A: 4.84
1 -0.5003941992 0.005


V_0: 0.61 A: 4.85
1 -0.5007158789 0.005


V_0: 0.61 A: 4.86
1 -0.5010256445 0.005


V_0: 0.61 A: 4.87
1 -0.5013473242 0.005


V_0: 0.61 A: 4.88
1 -0.5016690039 0.005


V_0: 0.61 A: 4.89
1 -0.5019787695 0.005


V_0: 0.61 A: 4.9
1 -0.5022885352 0.005


V_0: 0.61 A: 4.91
1 -0.5025983008 0.005


V_0: 0.61 A: 4.92
1 -0.5029080664 0.005


V_0: 0.61 A: 4.93
1 -0.503217832 0.005


V_0: 0.61 A: 4.94
1 -0.5035275977 0.005


V_0: 0.61 A: 4.95
1 -0.5038373633 0.005


V_0: 0.61 A: 4.96
1 -0.5041471289 0.005


V_0: 0.61 A: 4.97
1 -0.5044449805 0.005


V_0: 0.61 A: 4.98
1 -0.504742832 0.005


V_0: 0.62 A: 4.43
1 -0.4953618359 0.005


V_0: 0.62 A: 4.44
1 -0.4957493359 0.005


V_0: 0.62 A: 4.45
1 -0.4961368359 0.005


V_0: 0.62 A: 4.46
1 -0.4965243359 0.005


V_0: 0.62 A: 4.47
1 -0.4968997266 0.005


V_0: 0.62 A: 4.48
1 -0.4972751172 0.005


V_0: 0.62 A: 4.49
1 -0.4976626172 0.005


V_0: 0.62 A: 4.5
1 -0.4980380078 0.005


V_0: 0.62 A: 4.51
1 -0.4984133984 0.005


V_0: 0.62 A: 4.52
1 -0.4987766797 0.005


V_0: 0.62 A: 4.53
1 -0.4991520703 0.005


V_0: 0.62 A: 4.54
1 -0.4995153516 0.005


V_0: 0.62 A: 4.55
1 -0.4998907422 0.005


V_0: 0.62 A: 4.56
1 -0.5002540234 0.005


V_0: 0.62 A: 4.57
1 -0.5006173047 0.005


V_0: 0.62 A: 4.58
1 -0.5009805859 0.005


V_0: 0.62 A: 4.59
1 -0.5013438672 0.005


V_0: 0.62 A: 4.6
1 -0.5017071484 0.005


V_0: 0.62 A: 4.61
1 -0.5020583203 0.005


V_0: 0.62 A: 4.62
1 -0.5024216016 0.005


V_0: 0.62 A: 4.63
1 -0.5027727734 0.005


V_0: 0.62 A: 4.64
1 -0.5031239453 0.005


V_0: 0.62 A: 4.65
1 -0.5034751172 0.005


V_0: 0.62 A: 4.66
1 -0.5038262891 0.005


V_0: 0.62 A: 4.67
1 -0.5041774609 0.005


V_0: 0.62 A: 4.68
1 -0.5045165234 0.005


V_0: 0.62 A: 4.69
1 -0.5048676953 0.005


V_0: 0.63 A: 4.2
1 -0.495279668 0.005


V_0: 0.63 A: 4.21
1 -0.495710332 0.005


V_0: 0.63 A: 4.22
1 -0.4961409961 0.005


V_0: 0.63 A: 4.23
1 -0.4965716602 0.005


V_0: 0.63 A: 4.24
1 -0.4970023242 0.005


V_0: 0.63 A: 4.25
1 -0.4974206836 0.005


V_0: 0.63 A: 4.26
1 -0.4978513477 0.005


V_0: 0.63 A: 4.27
1 -0.498269707 0.005


V_0: 0.63 A: 4.28
1 -0.4986880664 0.005


V_0: 0.63 A: 4.29
1 -0.4991064258 0.005


V_0: 0.63 A: 4.3
1 -0.4995247852 0.005


V_0: 0.63 A: 4.31
1 -0.4999308398 0.005


V_0: 0.63 A: 4.32
1 -0.5003491992 0.005


V_0: 0.63 A: 4.33
1 -0.5007552539 0.005


V_0: 0.63 A: 4.34
1 -0.5011613086 0.005


V_0: 0.63 A: 4.35
1 -0.5015673633 0.005


V_0: 0.63 A: 4.36
1 -0.501973418 0.005


V_0: 0.63 A: 4.37
1 -0.502367168 0.005


V_0: 0.63 A: 4.38
1 -0.5027732227 0.005


V_0: 0.63 A: 4.39
1 -0.5031669727 0.005


V_0: 0.63 A: 4.4
1 -0.5035607227 0.005


V_0: 0.63 A: 4.41
1 -0.5039667773 0.005


V_0: 0.63 A: 4.42
1 -0.5043482227 0.005


V_0: 0.63 A: 4.43
1 -0.5047419727 0.005


V_0: 0.64 A: 4
1 -0.49541625 0.005
2 -0.12530375 0.0005


V_0: 0.64 A: 4.01
1 -0.49589125 0.005


V_0: 0.64 A: 4.02
1 -0.49637875 0.005


V_0: 0.64 A: 4.03
1 -0.49685375 0.005


V_0: 0.64 A: 4.04
1 -0.49731625 0.005


V_0: 0.64 A: 4.05
1 -0.49779125 0.005


V_0: 0.64 A: 4.06
1 -0.49826625 0.005


V_0: 0.64 A: 4.07
1 -0.49872875 0.005


V_0: 0.64 A: 4.08
1 -0.49919125 0.005


V_0: 0.64 A: 4.09
1 -0.49965375 0.005


V_0: 0.64 A: 4.1
1 -0.50011625 0.005


V_0: 0.64 A: 4.11
1 -0.50056625 0.005


V_0: 0.64 A: 4.12
1 -0.50102875 0.005


V_0: 0.64 A: 4.13
1 -0.50147875 0.005


V_0: 0.64 A: 4.14
1 -0.50192875 0.005


V_0: 0.64 A: 4.15
1 -0.50237875 0.005


V_0: 0.64 A: 4.16
1 -0.50282875 0.005


V_0: 0.64 A: 4.17
1 -0.50326625 0.005


V_0: 0.64 A: 4.18
1 -0.50371625 0.005


V_0: 0.64 A: 4.19
1 -0.50415375 0.005


V_0: 0.64 A: 4.2
1 -0.50459125 0.005


V_0: 0.65 A: 3.81
1 -0.4950067383 0.005


V_0: 0.65 A: 3.82
1 -0.4955399414 0.005


V_0: 0.65 A: 3.83
1 -0.4960604492 0.005


V_0: 0.65 A: 3.84
1 -0.4965936523 0.005


V_0: 0.65 A: 3.85
1 -0.4971141602 0.005


V_0: 0.65 A: 3.86
1 -0.497634668 0.005


V_0: 0.65 A: 3.87
1 -0.4981551758 0.005


V_0: 0.65 A: 3.88
1 -0.4986756836 0.005


V_0: 0.65 A: 3.89
1 -0.4991834961 0.005


V_0: 0.65 A: 3.9
1 -0.4996913086 0.005


V_0: 0.65 A: 3.91
1 -0.5001991211 0.005


V_0: 0.65 A: 3.92
1 -0.5007069336 0.005


V_0: 0.65 A: 3.93
1 -0.5012147461 0.005


V_0: 0.65 A: 3.94
1 -0.5017098633 0.005


V_0: 0.65 A: 3.95
1 -0.5022049805 0.005
2 -0.1247479492 0.0005


V_0: 0.65 A: 3.96
1 -0.502712793 0.005


V_0: 0.65 A: 3.97
1 -0.5031952148 0.005


V_0: 0.65 A: 3.98
1 -0.503690332 0.005


V_0: 0.65 A: 3.99
1 -0.5041854492 0.005


V_0: 0.65 A: 4
1 -0.5046678711 0.005


V_0: 0.66 A: 3.65
1 -0.4952358984 0.005


V_0: 0.66 A: 3.66
1 -0.4958159766 0.005


V_0: 0.66 A: 3.67
1 -0.4963960547 0.005


V_0: 0.66 A: 3.68
1 -0.4969761328 0.005


V_0: 0.66 A: 3.69
1 -0.4975433203 0.005


V_0: 0.66 A: 3.7
1 -0.4981105078 0.005


V_0: 0.66 A: 3.71
1 -0.4986776953 0.005


V_0: 0.66 A: 3.72
1 -0.4992448828 0.005


V_0: 0.66 A: 3.73
1 -0.4997991797 0.005


V_0: 0.66 A: 3.74
1 -0.5003663672 0.005


V_0: 0.66 A: 3.75
1 -0.5009206641 0.005


V_0: 0.66 A: 3.76
1 -0.5014749609 0.005


V_0: 0.66 A: 3.77
1 -0.5020163672 0.005


V_0: 0.66 A: 3.78
1 -0.5025706641 0.005


V_0: 0.66 A: 3.79
1 -0.5031120703 0.005


V_0: 0.66 A: 3.8
1 -0.5036534766 0.005


V_0: 0.66 A: 3.81
1 -0.5041948828 0.005


V_0: 0.66 A: 3.82
1 -0.5047233984 0.005


V_0: 0.67 A: 3.5
1 -0.4952019727 0.005


V_0: 0.67 A: 3.51
1 -0.4958300977 0.005


V_0: 0.67 A: 3.52
1 -0.4964713086 0.005


V_0: 0.67 A: 3.53
1 -0.4970863477 0.005


V_0: 0.67 A: 3.54
1 -0.4977144727 0.005


V_0: 0.67 A: 3.55
1 -0.4983295117 0.005


V_0: 0.67 A: 3.56
1 -0.4989576367 0.005


V_0: 0.67 A: 3.57
1 -0.4995595898 0.005


V_0: 0.67 A: 3.58
1 -0.5001746289 0.005


V_0: 0.67 A: 3.59
1 -0.500776582 0.005


V_0: 0.67 A: 3.6
1 -0.5013916211 0.005


V_0: 0.67 A: 3.61
1 -0.5019935742 0.005


V_0: 0.67 A: 3.62
1 -0.5025824414 0.005


V_0: 0.67 A: 3.63
1 -0.5031843945 0.005


V_0: 0.67 A: 3.64
1 -0.5037732617 0.005


V_0: 0.67 A: 3.65
1 -0.5043621289 0.005


V_0: 0.67 A: 3.66
1 -0.5049509961 0.005


V_0: 0.68 A: 3.37
1 -0.4956469531 0.005


V_0: 0.68 A: 3.38
1 -0.4963375781 0.005


V_0: 0.68 A: 3.39
1 -0.4970149219 0.005


V_0: 0.68 A: 3.4
1 -0.4976922656 0.005


V_0: 0.68 A: 3.41
1 -0.4983563281 0.005


V_0: 0.68 A: 3.42
1 -0.4990336719 0.005


V_0: 0.68 A: 3.43
1 -0.4996977344 0.005


V_0: 0.68 A: 3.44
1 -0.5003617969 0.005


V_0: 0.68 A: 3.45
1 -0.5010125781 0.005


V_0: 0.68 A: 3.46
1 -0.5016766406 0.005


V_0: 0.68 A: 3.47
1 -0.5023274219 0.005


V_0: 0.68 A: 3.48
1 -0.5029782031 0.005


V_0: 0.68 A: 3.49
1 -0.5036157031 0.005


V_0: 0.68 A: 3.5
1 -0.5042532031 0.005


V_0: 0.68 A: 3.51
1 -0.5049039844 0.005


V_0: 0.69 A: 3.24
1 -0.4953350977 0.005


V_0: 0.69 A: 3.25
1 -0.4960763086 0.005


V_0: 0.69 A: 3.26
1 -0.496804043 0.005


V_0: 0.69 A: 3.27
1 -0.4975317773 0.005


V_0: 0.69 A: 3.28
1 -0.4982595117 0.005


V_0: 0.69 A: 3.29
1 -0.4989872461 0.005


V_0: 0.69 A: 3.3
1 -0.4997149805 0.005


V_0: 0.69 A: 3.31
1 -0.5004292383 0.005


V_0: 0.69 A: 3.32
1 -0.5011434961 0.005


V_0: 0.69 A: 3.33
1 -0.5018442773 0.005


V_0: 0.69 A: 3.34
1 -0.5025450586 0.005


V_0: 0.69 A: 3.35
1 -0.5032458398 0.005


V_0: 0.69 A: 3.36
1 -0.5039466211 0.005


V_0: 0.69 A: 3.37
1 -0.5046474023 0.005


V_0: 0.7 A: 3.13
1 -0.4957736328 0.005


V_0: 0.7 A: 3.14
1 -0.4965666016 0.005


V_0: 0.7 A: 3.15
1 -0.4973595703 0.005


V_0: 0.7 A: 3.16
1 -0.4981388672 0.005


V_0: 0.7 A: 3.17
1 -0.4989181641 0.005


V_0: 0.7 A: 3.18
1 -0.4996974609 0.005


V_0: 0.7 A: 3.19
1 -0.5004630859 0.005


V_0: 0.7 A: 3.2
1 -0.5012287109 0.005


V_0: 0.7 A: 3.21
1 -0.5019943359 0.005


V_0: 0.7 A: 3.22
1 -0.5027599609 0.005


V_0: 0.7 A: 3.23
1 -0.5035119141 0.005


V_0: 0.7 A: 3.24
1 -0.5042638672 0.005


V_0: 0.71 A: 3.02
1 -0.4955481055 0.005


V_0: 0.71 A: 3.03
1 -0.4963940039 0.005


V_0: 0.71 A: 3.04
1 -0.4972399023 0.005


V_0: 0.71 A: 3.05
1 -0.4980858008 0.005


V_0: 0.71 A: 3.06
1 -0.498917832 0.005


V_0: 0.71 A: 3.07
1 -0.4997498633 0.005


V_0: 0.71 A: 3.08
1 -0.5005818945 0.005


V_0: 0.71 A: 3.09
1 -0.5014000586 0.005


V_0: 0.71 A: 3.1
1 -0.5022182227 0.005


V_0: 0.71 A: 3.11
1 -0.5030225195 0.005


V_0: 0.71 A: 3.12
1 -0.5038406836 0.005


V_0: 0.71 A: 3.13
1 -0.5046449805 0.005


V_0: 0.72 A: 2.92
1 -0.4954964063 0.005


V_0: 0.72 A: 2.93
1 -0.4963964063 0.005


V_0: 0.72 A: 2.94
1 -0.4972964063 0.005


V_0: 0.72 A: 2.95
1 -0.4981964063 0.005


V_0: 0.72 A: 2.96
1 -0.4990964063 0.005


V_0: 0.72 A: 2.97
1 -0.4999823438 0.005


V_0: 0.72 A: 2.98
1 -0.5008682813 0.005


V_0: 0.72 A: 2.99
1 -0.5017401563 0.005


V_0: 0.72 A: 3
1 -0.5026120313 0.005


V_0: 0.72 A: 3.01
1 -0.5034839063 0.005


V_0: 0.72 A: 3.02
1 -0.5043417188 0.005


V_0: 0.73 A: 2.83
1 -0.4957341602 0.005


V_0: 0.73 A: 2.84
1 -0.4967036914 0.005


V_0: 0.73 A: 2.85
1 -0.4976589648 0.005


V_0: 0.73 A: 2.86
1 -0.4986142383 0.005


V_0: 0.73 A: 2.87
1 -0.4995695117 0.005


V_0: 0.73 A: 2.88
1 -0.5005105273 0.005


V_0: 0.73 A: 2.89
1 -0.501451543 0.005


V_0: 0.73 A: 2.9
1 -0.5023783008 0.005


V_0: 0.73 A: 2.91
1 -0.5033050586 0.005


V_0: 0.73 A: 2.92
1 -0.5042318164 0.005


V_0: 0.74 A: 2.74
1 -0.4953851953 0.005


V_0: 0.74 A: 2.75
1 -0.4964113672 0.005


V_0: 0.74 A: 2.76
1 -0.4974230859 0.005


V_0: 0.74 A: 2.77
1 -0.4984492578 0.005


V_0: 0.74 A: 2.78
1 -0.4994465234 0.005


V_0: 0.74 A: 2.79
1 -0.5004582422 0.005


V_0: 0.74 A: 2.8
1 -0.5014555078 0.005


V_0: 0.74 A: 2.81
1 -0.5024527734 0.005


V_0: 0.74 A: 2.82
1 -0.5034355859 0.005


V_0: 0.74 A: 2.83
1 -0.5044183984 0.005


V_0: 0.75 A: 2.66
1 -0.4954731445 0.005


V_0: 0.75 A: 2.67
1 -0.4965571289 0.005


V_0: 0.75 A: 2.68
1 -0.4976411133 0.005


V_0: 0.75 A: 2.69
1 -0.4987104492 0.005


V_0: 0.75 A: 2.7
1 -0.4997797852 0.005


V_0: 0.75 A: 2.71
1 -0.5008491211 0.005


V_0: 0.75 A: 2.72
1 -0.5019038086 0.005


V_0: 0.75 A: 2.73
1 -0.5029438477 0.005


V_0: 0.75 A: 2.74
1 -0.5039838867 0.005


V_0: 0.76 A: 2.59
1 -0.4961567969 0.005


V_0: 0.76 A: 2.6
1 -0.4972997656 0.005


V_0: 0.76 A: 2.61
1 -0.4984427344 0.005


V_0: 0.76 A: 2.62
1 -0.4995708594 0.005


V_0: 0.76 A: 2.63
1 -0.5006841406 0.005


V_0: 0.76 A: 2.64
1 -0.5018122656 0.005


V_0: 0.76 A: 2.65
1 -0.5029107031 0.005


V_0: 0.76 A: 2.66
1 -0.5040239844 0.005


V_0: 0.77 A: 2.51
1 -0.4951506055 0.005


V_0: 0.77 A: 2.52
1 -0.4963687695 0.005


V_0: 0.77 A: 2.53
1 -0.4975718945 0.005


V_0: 0.77 A: 2.54
1 -0.4987599805 0.005


V_0: 0.77 A: 2.55
1 -0.4999631055 0.005


V_0: 0.77 A: 2.56
1 -0.5011361523 0.005


V_0: 0.77 A: 2.57
1 -0.5023091992 0.005


V_0: 0.77 A: 2.58
1 -0.5034822461 0.005


V_0: 0.77 A: 2.59
1 -0.5046402539 0.005


V_0: 0.78 A: 2.45
1 -0.4960662891 0.005


V_0: 0.78 A: 2.46
1 -0.4973459766 0.005


V_0: 0.78 A: 2.47
1 -0.4985951953 0.005


V_0: 0.78 A: 2.48
1 -0.4998596484 0.005


V_0: 0.78 A: 2.49
1 -0.5011088672 0.005


V_0: 0.78 A: 2.5
1 -0.5023428516 0.005


V_0: 0.78 A: 2.51
1 -0.5035768359 0.005


V_0: 0.78 A: 2.52
1 -0.5047955859 0.005


V_0: 0.79 A: 2.38
1 -0.4952358789 0.005


V_0: 0.79 A: 2.39
1 -0.4965782617 0.005


V_0: 0.79 A: 2.4
1 -0.4979052148 0.005


V_0: 0.79 A: 2.41
1 -0.499232168 0.005


V_0: 0.79 A: 2.42
1 -0.5005436914 0.005


V_0: 0.79 A: 2.43
1 -0.5018552148 0.005


V_0: 0.79 A: 2.44
1 -0.5031513086 0.005


V_0: 0.79 A: 2.45
1 -0.5044319727 0.005


V_0: 0.8 A: 2.32
1 -0.4952546875 0.005


V_0: 0.8 A: 2.33
1 -0.4966609375 0.005


V_0: 0.8 A: 2.34
1 -0.4980515625 0.005


V_0: 0.8 A: 2.35
1 -0.4994421875 0.005


V_0: 0.8 A: 2.36
1 -0.5008171875 0.005


V_0: 0.8 A: 2.37
1 -0.5021765625 0.005


V_0: 0.8 A: 2.38
1 -0.5035359375 0.005


V_0: 0.8 A: 2.39
1 -0.5048953125 0.005


V_0: 0.81 A: 2.27
1 -0.4962721289 0.005


V_0: 0.81 A: 2.28
1 -0.4977275977 0.005


V_0: 0.81 A: 2.29
1 -0.4991830664 0.005


V_0: 0.81 A: 2.3
1 -0.5006385352 0.005


V_0: 0.81 A: 2.31
1 -0.5020623633 0.005


V_0: 0.81 A: 2.32
1 -0.5034861914 0.005


V_0: 0.81 A: 2.33
1 -0.5049100195 0.005


V_0: 0.82 A: 2.21
1 -0.4954001172 0.005


V_0: 0.82 A: 2.22
1 -0.4969376172 0.005


V_0: 0.82 A: 2.23
1 -0.4984591016 0.005


V_0: 0.82 A: 2.24
1 -0.4999805859 0.005


V_0: 0.82 A: 2.25
1 -0.5014860547 0.005


V_0: 0.82 A: 2.26
1 -0.5029755078 0.005


V_0: 0.82 A: 2.27
1 -0.5044649609 0.005


V_0: 0.83 A: 2.16
1 -0.4956380664 0.005


V_0: 0.83 A: 2.17
1 -0.4972429492 0.005


V_0: 0.83 A: 2.18
1 -0.4988316211 0.005


V_0: 0.83 A: 2.19
1 -0.500404082 0.005


V_0: 0.83 A: 2.2
1 -0.501976543 0.005


V_0: 0.83 A: 2.21
1 -0.503532793 0.005


V_0: 0.84 A: 2.11
1 -0.4954736719 0.005


V_0: 0.84 A: 2.12
1 -0.4971471094 0.005


V_0: 0.84 A: 2.13
1 -0.4988041406 0.005


V_0: 0.84 A: 2.14
1 -0.5004447656 0.005


V_0: 0.84 A: 2.15
1 -0.5020853906 0.005


V_0: 0.84 A: 2.16
1 -0.5037096094 0.005


V_0: 0.85 A: 2.07
1 -0.4966407227 0.005


V_0: 0.85 A: 2.08
1 -0.4983672852 0.005


V_0: 0.85 A: 2.09
1 -0.5000938477 0.005


V_0: 0.85 A: 2.1
1 -0.501787207 0.005


V_0: 0.85 A: 2.11
1 -0.5034805664 0.005


V_0: 0.86 A: 2.02
1 -0.4957144141 0.005


V_0: 0.86 A: 2.03
1 -0.4975116797 0.005


V_0: 0.86 A: 2.04
1 -0.4993089453 0.005


V_0: 0.86 A: 2.05
1 -0.5010894141 0.005


V_0: 0.86 A: 2.06
1 -0.5028530859 0.005


V_0: 0.86 A: 2.07
1 -0.5045999609 0.005


V_0: 0.87 A: 1.98
1 -0.496210957 0.005


V_0: 0.87 A: 1.99
1 -0.4980800977 0.005


V_0: 0.87 A: 2
1 -0.4999322461 0.005


V_0: 0.87 A: 2.01
1 -0.5017674023 0.005


V_0: 0.87 A: 2.02
1 -0.5036025586 0.005


V_0: 0.88 A: 1.94
1 -0.4963801562 0.005


V_0: 0.88 A: 1.95
1 -0.4983223437 0.005


V_0: 0.88 A: 1.96
1 -0.5002473437 0.005


V_0: 0.88 A: 1.97
1 -0.5021551562 0.005


V_0: 0.88 A: 1.98
1 -0.5040457812 0.005


V_0: 0.89 A: 1.9
1 -0.4962149805 0.005


V_0: 0.89 A: 1.91
1 -0.4982313867 0.005


V_0: 0.89 A: 1.92
1 -0.5002304102 0.005


V_0: 0.89 A: 1.93
1 -0.5022120508 0.005


V_0: 0.89 A: 1.94
1 -0.5041763086 0.005


V_0: 0.9 A: 1.86
1 -0.4957083984 0.005


V_0: 0.9 A: 1.87
1 -0.4977826172 0.005


V_0: 0.9 A: 1.88
1 -0.4998568359 0.005


V_0: 0.9 A: 1.89
1 -0.5019134766 0.005


V_0: 0.9 A: 1.9
1 -0.5039525391 0.005


V_0: 0.91 A: 1.83
1 -0.4969861914 0.005


V_0: 0.91 A: 1.84
1 -0.4991367773 0.005


V_0: 0.91 A: 1.85
1 -0.5012695898 0.005


V_0: 0.91 A: 1.86
1 -0.5033846289 0.005


V_0: 0.92 A: 1.79
1 -0.4958171094 0.005


V_0: 0.92 A: 1.8
1 -0.4980452344 0.005


V_0: 0.92 A: 1.81
1 -0.5002553906 0.005


V_0: 0.92 A: 1.82
1 -0.5024475781 0.005


V_0: 0.92 A: 1.83
1 -0.5046217969 0.005


V_0: 0.93 A: 1.76
1 -0.4965564258 0.005


V_0: 0.93 A: 1.77
1 -0.4988450977 0.005


V_0: 0.93 A: 1.78
1 -0.5011156055 0.005


V_0: 0.93 A: 1.79
1 -0.5033861133 0.005


V_0: 0.94 A: 1.73
1 -0.4970305078 0.005


V_0: 0.94 A: 1.74
1 -0.4993988672 0.005


V_0: 0.94 A: 1.75
1 -0.5017488672 0.005


V_0: 0.94 A: 1.76
1 -0.5040805078 0.005


V_0: 0.95 A: 1.7
1 -0.4972526367 0.005


V_0: 0.95 A: 1.71
1 -0.4996833008 0.005


V_0: 0.95 A: 1.72
1 -0.5021139648 0.005


V_0: 0.95 A: 1.73
1 -0.5045075195 0.005


V_0: 0.96 A: 1.67
1 -0.497218125 0.005


V_0: 0.96 A: 1.68
1 -0.499711875 0.005


V_0: 0.96 A: 1.69
1 -0.502205625 0.005


V_0: 0.96 A: 1.7
1 -0.504680625 0.005


V_0: 0.97 A: 1.64
1 -0.4968843945 0.005


V_0: 0.97 A: 1.65
1 -0.499460957 0.005


V_0: 0.97 A: 1.66
1 -0.5020375195 0.005


V_0: 0.97 A: 1.67
1 -0.5045951367 0.005


V_0: 0.98 A: 1.61
1 -0.4962647266 0.005


V_0: 0.98 A: 1.62
1 -0.4989252734 0.005


V_0: 0.98 A: 1.63
1 -0.5015858203 0.005


V_0: 0.98 A: 1.64
1 -0.5042080859 0.005


V_0: 0.99 A: 1.58
1 -0.4953538477 0.005


V_0: 0.99 A: 1.59
1 -0.4980995508 0.005


V_0: 0.99 A: 1.6
1 -0.500825918 0.005


V_0: 0.99 A: 1.61
1 -0.5035329492 0.005


V_0: 1 A: 1.56
1 -0.4969589844 0.005


V_0: 1 A: 1.57
1 -0.4997714844 0.005


V_0: 1 A: 1.58
1 -0.5025644531 0.005


V_0: 1.01 A: 1.53
1 -0.4955174414 0.005


V_0: 1.01 A: 1.54
1 -0.4984172461 0.005


V_0: 1.01 A: 1.55
1 -0.5012973242 0.005


V_0: 1.01 A: 1.56
1 -0.5041379492 0.005


V_0: 1.02 A: 1.51
1 -0.4967180859 0.005


V_0: 1.02 A: 1.52
1 -0.4996864453 0.005


V_0: 1.02 A: 1.53
1 -0.5026348828 0.005


V_0: 1.03 A: 1.49
1 -0.4977454883 0.005


V_0: 1.03 A: 1.5
1 -0.5007831836 0.005


V_0: 1.03 A: 1.51
1 -0.5038007617 0.005


V_0: 1.04 A: 1.46
1 -0.4954685938 0.005


V_0: 1.04 A: 1.47
1 -0.4985967188 0.005


V_0: 1.04 A: 1.48
1 -0.5017045313 0.005


V_0: 1.04 A: 1.49
1 -0.5047920313 0.005


V_0: 1.05 A: 1.44
1 -0.4960696289 0.005


V_0: 1.05 A: 1.45
1 -0.4992688477 0.005


V_0: 1.05 A: 1.46
1 -0.5024475586 0.005


V_0: 1.06 A: 1.42
1 -0.4964878516 0.005


V_0: 1.06 A: 1.43
1 -0.4997589453 0.005


V_0: 1.06 A: 1.44
1 -0.5030093359 0.005


V_0: 1.07 A: 1.4
1 -0.4966994336 0.005


V_0: 1.07 A: 1.41
1 -0.5000431836 0.005


V_0: 1.07 A: 1.42
1 -0.5033660352 0.005


V_0: 1.08 A: 1.38
1 -0.4967008594 0.005


V_0: 1.08 A: 1.39
1 -0.5001391406 0.005


V_0: 1.08 A: 1.4
1 -0.5035352344 0.005


V_0: 1.09 A: 1.36
1 -0.4965099023 0.005


V_0: 1.09 A: 1.37
1 -0.5000225977 0.005


V_0: 1.09 A: 1.38
1 -0.5035140039 0.005


V_0: 1.1 A: 1.34
1 -0.4961021484 0.005


V_0: 1.1 A: 1.35
1 -0.4997115234 0.005


V_0: 1.1 A: 1.36
1 -0.5032779297 0.005


V_0: 1.11 A: 1.32
1 -0.4954957617 0.005


V_0: 1.11 A: 1.33
1 -0.4991596289 0.005


V_0: 1.11 A: 1.34
1 -0.5028234961 0.005


V_0: 1.12 A: 1.31
1 -0.4984284375 0.005


V_0: 1.12 A: 1.32
1 -0.5021690625 0.005


V_0: 1.13 A: 1.29
1 -0.4974493945 0.005


V_0: 1.13 A: 1.3
1 -0.5012675586 0.005


V_0: 1.14 A: 1.27
1 -0.4962406641 0.005


V_0: 1.14 A: 1.28
1 -0.5001594141 0.005


V_0: 1.14 A: 1.29
1 -0.5040558984 0.005


V_0: 1.15 A: 1.26
1 -0.4988192383 0.005


V_0: 1.15 A: 1.27
1 -0.5027948242 0.005


V_0: 1.16 A: 1.24
1 -0.4972435156 0.005


V_0: 1.16 A: 1.25
1 -0.5013216406 0.005


V_0: 1.17 A: 1.22
1 -0.4954287305 0.005


V_0: 1.17 A: 1.23
1 -0.4995877148 0.005


V_0: 1.17 A: 1.24
1 -0.5037238477 0.005


V_0: 1.18 A: 1.21
1 -0.4976119922 0.005


V_0: 1.18 A: 1.22
1 -0.5018526172 0.005


V_0: 1.19 A: 1.19
1 -0.495390957 0.005


V_0: 1.19 A: 1.2
1 -0.4997140039 0.005


V_0: 1.19 A: 1.21
1 -0.5040138086 0.005


V_0: 1.2 A: 1.18
1 -0.4973273438 0.005


V_0: 1.2 A: 1.19
1 -0.5017335938 0.005


V_0: 1.21 A: 1.17
1 -0.4992029883 0.005


V_0: 1.21 A: 1.18
1 -0.5036695898 0.005


V_0: 1.22 A: 1.15
1 -0.4963946484 0.005


V_0: 1.22 A: 1.16
1 -0.5009696484 0.005


V_0: 1.23 A: 1.14
1 -0.497989043 0.005


V_0: 1.23 A: 1.15
1 -0.5026255664 0.005


V_0: 1.24 A: 1.13
1 -0.4994947656 0.005


V_0: 1.24 A: 1.14
1 -0.5041932031 0.005


V_0: 1.25 A: 1.11
1 -0.4960766602 0.005


V_0: 1.25 A: 1.12
1 -0.5008862305 0.005


V_0: 1.26 A: 1.1
1 -0.4973136328 0.005


V_0: 1.26 A: 1.11
1 -0.5021862891 0.005


V_0: 1.27 A: 1.09
1 -0.498432832 0.005


V_0: 1.27 A: 1.1
1 -0.5033937695 0.005


V_0: 1.28 A: 1.08
1 -0.4994575 0.005


V_0: 1.28 A: 1.09
1 -0.5045075 0.005


V_0: 1.29 A: 1.06
1 -0.4952214258 0.005


V_0: 1.29 A: 1.07
1 -0.5003864648 0.005


V_0: 1.3 A: 1.05
1 -0.4959373047 0.005


V_0: 1.3 A: 1.06
1 -0.5011931641 0.005


V_0: 1.31 A: 1.04
1 -0.4965795508 0.005


V_0: 1.31 A: 1.05
1 -0.5019014258 0.005


V_0: 1.32 A: 1.03
1 -0.4970960156 0.005


V_0: 1.32 A: 1.04
1 -0.5024842969 0.005


V_0: 1.33 A: 1.02
1 -0.4974849414 0.005


V_0: 1.33 A: 1.03
1 -0.5029919727 0.005


V_0: 1.34 A: 1.01
1 -0.4977707422 0.005


V_0: 1.34 A: 1.02
1 -0.5033453516 0.005


V_0: 1.35 A: 1
1 -0.4979522461 0.005


V_0: 1.35 A: 1.01
1 -0.5036211914 0.005


V_0: 1.36 A: 0.99
1 -0.4980282812 0.005


V_0: 1.36 A: 1
1 -0.5037657812 0.005


V_0: 1.37 A: 0.98
1 -0.4979441602 0.005


V_0: 1.37 A: 0.99
1 -0.5037773633 0.005


V_0: 1.38 A: 0.97
1 -0.4977783984 0.005


V_0: 1.38 A: 0.98
1 -0.5036811328 0.005


V_0: 1.39 A: 0.96
1 -0.4974761133 0.005


V_0: 1.39 A: 0.97
1 -0.503475918 0.005


V_0: 1.4 A: 0.95
1 -0.4970628906 0.005


V_0: 1.4 A: 0.96
1 -0.5031332031 0.005


V_0: 1.41 A: 0.94
1 -0.4965100195 0.005


V_0: 1.41 A: 0.95
1 -0.5026787695 0.005


V_0: 1.42 A: 0.93
1 -0.4958157422 0.005


V_0: 1.42 A: 0.94
1 -0.5021114453 0.005


V_0: 1.43 A: 0.92
1 -0.4950341602 0.005


V_0: 1.43 A: 0.93
1 -0.5013741992 0.005


V_0: 1.44 A: 0.92
1 -0.5005490625 0.005


V_0: 1.45 A: 0.91
1 -0.4995788086 0.005


V_0: 1.46 A: 0.9
1 -0.4984616797 0.005


V_0: 1.47 A: 0.89
1 -0.4972533398 0.005


V_0: 1.47 A: 0.9
1 -0.5039429883 0.005


V_0: 1.48 A: 0.88
1 -0.4958664844 0.005


V_0: 1.48 A: 0.89
1 -0.5026594531 0.005


V_0: 1.49 A: 0.88
1 -0.501254043 0.005


V_0: 1.5 A: 0.87
1 -0.4996962891 0.005


V_0: 1.51 A: 0.86
1 -0.4980139258 0.005


V_0: 1.52 A: 0.85
1 -0.4962057812 0.005


V_0: 1.52 A: 0.86
1 -0.5033307812 0.005


V_0: 1.53 A: 0.85
1 -0.5014724414 0.005


V_0: 1.54 A: 0.84
1 -0.4994562891 0.005


V_0: 1.55 A: 0.83
1 -0.4973108398 0.005


V_0: 1.55 A: 0.84
1 -0.5046975586 0.005


V_0: 1.56 A: 0.82
1 -0.4950044531 0.005


V_0: 1.56 A: 0.83
1 -0.5024997656 0.005


V_0: 1.57 A: 0.82
1 -0.5001707227 0.005


V_0: 1.58 A: 0.81
1 -0.4976783984 0.005


V_0: 1.59 A: 0.8
1 -0.4950210352 0.005


V_0: 1.59 A: 0.81
1 -0.502784707 0.005


V_0: 1.6 A: 0.8
1 -0.500103125 0.005


V_0: 1.61 A: 0.79
1 -0.4972541602 0.005


V_0: 1.62 A: 0.79
1 -0.5023044141 0.005


V_0: 1.63 A: 0.78
1 -0.4992607227 0.005


V_0: 1.64 A: 0.77
1 -0.4960775781 0.005


V_0: 1.64 A: 0.78
1 -0.5042775781 0.005


V_0: 1.65 A: 0.77
1 -0.5010360352 0.005


V_0: 1.66 A: 0.76
1 -0.4976206641 0.005


V_0: 1.67 A: 0.76
1 -0.502542793 0.005


V_0: 1.68 A: 0.75
1 -0.4989239063 0.005


V_0: 1.69 A: 0.74
1 -0.4951600977 0.005


V_0: 1.69 A: 0.75
1 -0.5038411523 0.005


V_0: 1.7 A: 0.74
1 -0.4999826172 0.005


V_0: 1.71 A: 0.73
1 -0.4960102148 0.005


V_0: 1.71 A: 0.74
1 -0.5048608008 0.005


V_0: 1.72 A: 0.73
1 -0.5007921094 0.005


V_0: 1.73 A: 0.72
1 -0.4966079883 0.005


V_0: 1.74 A: 0.72
1 -0.5013476953 0.005


V_0: 1.75 A: 0.71
1 -0.4969145508 0.005


V_0: 1.76 A: 0.71
1 -0.5016446875 0.005


V_0: 1.77 A: 0.7
1 -0.4969931836 0.005


V_0: 1.78 A: 0.7
1 -0.5016436328 0.005


V_0: 1.79 A: 0.69
1 -0.4967704492 0.005


V_0: 1.8 A: 0.69
1 -0.5014089844 0.005


V_0: 1.81 A: 0.68
1 -0.4963111914 0.005


V_0: 1.82 A: 0.68
1 -0.5008661328 0.005


V_0: 1.83 A: 0.67
1 -0.4955404102 0.005


V_0: 1.84 A: 0.67
1 -0.5000810938 0.005


V_0: 1.85 A: 0.67
1 -0.5046416992 0.005


V_0: 1.86 A: 0.66
1 -0.4989776953 0.005


V_0: 1.87 A: 0.66
1 -0.503486543 0.005


V_0: 1.88 A: 0.65
1 -0.4976235156 0.005


V_0: 1.89 A: 0.65
1 -0.5020792383 0.005


V_0: 1.9 A: 0.64
1 -0.4959408203 0.005


V_0: 1.91 A: 0.64
1 -0.5003416602 0.005


V_0: 1.92 A: 0.64
1 -0.50476125 0.005


V_0: 1.93 A: 0.63
1 -0.4983433398 0.005


V_0: 1.94 A: 0.63
1 -0.5027062891 0.005


V_0: 1.95 A: 0.62
1 -0.4960426758 0.005


V_0: 1.96 A: 0.62
1 -0.5003474219 0.005


V_0: 1.97 A: 0.62
1 -0.5046701367 0.005


V_0: 1.98 A: 0.61
1 -0.4976799609 0.005


V_0: 1.99 A: 0.61
1 -0.5019425195 0.005


V_0: 2.01 A: 0.6
1 -0.4989000586 0.005


V_0: 2.02 A: 0.6
1 -0.5031180859 0.005


V_0: 2.03 A: 0.59
1 -0.4955777148 0.005


V_0: 2.04 A: 0.59
1 -0.4997322656 0.005


V_0: 2.05 A: 0.59
1 -0.5039036133 0.005


V_0: 2.06 A: 0.58
1 -0.4960214453 0.005


V_0: 2.07 A: 0.58
1 -0.5001273633 0.005


V_0: 2.08 A: 0.58
1 -0.5042496875 0.005


V_0: 2.09 A: 0.57
1 -0.4960606836 0.005


V_0: 2.1 A: 0.57
1 -0.5001158203 0.005


V_0: 2.11 A: 0.57
1 -0.5041869727 0.005


V_0: 2.12 A: 0.56
1 -0.4956452344 0.005


V_0: 2.13 A: 0.56
1 -0.4996472461 0.005


V_0: 2.14 A: 0.56
1 -0.5037066797 0.005


V_0: 2.16 A: 0.55
1 -0.4987532812 0.005


V_0: 2.17 A: 0.55
1 -0.5027576367 0.005


V_0: 2.19 A: 0.54
1 -0.4974251367 0.005


V_0: 2.2 A: 0.54
1 -0.5013292969 0.005


V_0: 2.22 A: 0.53
1 -0.4956106641 0.005


V_0: 2.23 A: 0.53
1 -0.4994982227 0.005


V_0: 2.24 A: 0.53
1 -0.503356875 0.005


V_0: 2.26 A: 0.52
1 -0.4971691016 0.005


V_0: 2.27 A: 0.52
1 -0.5010093945 0.005


V_0: 2.28 A: 0.52
1 -0.5048196094 0.005


V_0: 2.3 A: 0.51
1 -0.4981521484 0.005


V_0: 2.31 A: 0.51
1 -0.5018971289 0.005


V_0: 2.34 A: 0.5
1 -0.4985433984 0.005


V_0: 2.35 A: 0.5
1 -0.5022344727 0.005


V_0: 2.38 A: 0.49
1 -0.4983264453 0.005


V_0: 2.39 A: 0.49
1 -0.5020073633 0.005


V_0: 2.42 A: 0.48
1 -0.4975321484 0.005


V_0: 2.43 A: 0.48
1 -0.5011542773 0.005


V_0: 2.44 A: 0.48
1 -0.5047416406 0.005


V_0: 2.46 A: 0.47
1 -0.4960983984 0.005


V_0: 2.47 A: 0.47
1 -0.4996588086 0.005


V_0: 2.48 A: 0.47
1 -0.5031832812 0.005


V_0: 2.51 A: 0.46
1 -0.4975535742 0.005


V_0: 2.52 A: 0.46
1 -0.5010124219 0.005


V_0: 2.53 A: 0.46
1 -0.5045324023 0.005


V_0: 2.56 A: 0.45
1 -0.498265 0.005


V_0: 2.57 A: 0.45
1 -0.5016670117 0.005


V_0: 2.61 A: 0.44
1 -0.4981582617 0.005


V_0: 2.62 A: 0.44
1 -0.5015508984 0.005


V_0: 2.63 A: 0.44
1 -0.5049034961 0.005


V_0: 2.66 A: 0.43
1 -0.4973108984 0.005


V_0: 2.67 A: 0.43
1 -0.5006406445 0.005


V_0: 2.68 A: 0.43
1 -0.5039289844 0.005


V_0: 2.71 A: 0.42
1 -0.4957024023 0.005


V_0: 2.72 A: 0.42
1 -0.4989659375 0.005


V_0: 2.73 A: 0.42
1 -0.5021866992 0.005


V_0: 2.77 A: 0.41
1 -0.496452168 0.005


V_0: 2.78 A: 0.41
1 -0.4996561328 0.005


V_0: 2.79 A: 0.41
1 -0.5028157617 0.005


V_0: 2.83 A: 0.4
1 -0.4962615039 0.005


V_0: 2.84 A: 0.4
1 -0.4994017969 0.005


V_0: 2.85 A: 0.4
1 -0.5025518555 0.005


V_0: 2.89 A: 0.39
1 -0.4951552148 0.005


V_0: 2.9 A: 0.39
1 -0.4982279297 0.005


V_0: 2.91 A: 0.39
1 -0.5013100195 0.005


V_0: 2.92 A: 0.39
1 -0.5044014844 0.005


V_0: 2.96 A: 0.38
1 -0.4960485937 0.005


V_0: 2.97 A: 0.38
1 -0.4990586133 0.005


V_0: 2.98 A: 0.38
1 -0.5020776172 0.005


V_0: 3.03 A: 0.37
1 -0.4958843555 0.005


V_0: 3.04 A: 0.37
1 -0.4988271875 0.005


V_0: 3.05 A: 0.37
1 -0.5017786133 0.005


V_0: 3.06 A: 0.37
1 -0.5047386328 0.005


V_0: 3.11 A: 0.36
1 -0.4974359961 0.005


V_0: 3.12 A: 0.36
1 -0.5003151563 0.005


V_0: 3.13 A: 0.36
1 -0.5032025195 0.005


V_0: 3.19 A: 0.35
1 -0.4977708398 0.005


V_0: 3.2 A: 0.35
1 -0.50058125 0.005


V_0: 3.21 A: 0.35
1 -0.5033994727 0.005


V_0: 3.27 A: 0.34
1 -0.4967781445 0.005


V_0: 3.28 A: 0.34
1 -0.4995145312 0.005


V_0: 3.29 A: 0.34
1 -0.5022583398 0.005


V_0: 3.36 A: 0.33
1 -0.4971290625 0.005


V_0: 3.37 A: 0.33
1 -0.4997933789 0.005


V_0: 3.38 A: 0.33
1 -0.5024647266 0.005


V_0: 3.45 A: 0.32
1 -0.4960250977 0.005


V_0: 3.46 A: 0.32
1 -0.4986116797 0.005


V_0: 3.47 A: 0.32
1 -0.5012726758 0.005


V_0: 3.48 A: 0.32
1 -0.5038727344 0.005


V_0: 3.55 A: 0.31
1 -0.4959807617 0.005


V_0: 3.56 A: 0.31
1 -0.4984903906 0.005


V_0: 3.57 A: 0.31
1 -0.5010759961 0.005


V_0: 3.58 A: 0.31
1 -0.5035983203 0.005


V_0: 3.66 A: 0.3
1 -0.4967663672 0.005


V_0: 3.67 A: 0.3
1 -0.4991988477 0.005


V_0: 3.68 A: 0.3
1 -0.5017090625 0.005


V_0: 3.69 A: 0.3
1 -0.5042255273 0.005


V_0: 3.77 A: 0.29
1 -0.4957181836 0.005


V_0: 3.78 A: 0.29
1 -0.4980666797 0.005


V_0: 3.79 A: 0.29
1 -0.500494668 0.005


V_0: 3.8 A: 0.29
1 -0.5029285156 0.005


V_0: 3.89 A: 0.28
1 -0.4950860742 0.005


V_0: 3.9 A: 0.28
1 -0.4974251953 0.005


V_0: 3.91 A: 0.28
1 -0.4997697852 0.005


V_0: 3.92 A: 0.28
1 -0.5021964062 0.005


V_0: 3.93 A: 0.28
1 -0.5045521289 0.005


V_0: 4.03 A: 0.27
1 -0.4970831836 0.005


V_0: 4.04 A: 0.27
1 -0.4993424219 0.005


V_0: 4.05 A: 0.27
1 -0.5016067383 0.005


V_0: 4.06 A: 0.27
1 -0.5038761328 0.005


V_0: 4.17 A: 0.26
1 -0.4966779492 0.005


V_0: 4.18 A: 0.26
1 -0.4988487109 0.005


V_0: 4.19 A: 0.26
1 -0.5011059961 0.005


V_0: 4.2 A: 0.26
1 -0.5032863281 0.005


V_0: 4.32 A: 0.25
1 -0.4959815625 0.005


V_0: 4.33 A: 0.25
1 -0.4981445117 0.005


V_0: 4.34 A: 0.25
1 -0.5002273828 0.005


V_0: 4.35 A: 0.25
1 -0.5023995117 0.005


V_0: 4.36 A: 0.25
1 -0.5045763281 0.005


V_0: 4.49 A: 0.24
1 -0.4969079492 0.005


V_0: 4.5 A: 0.24
1 -0.4988935547 0.005


V_0: 4.51 A: 0.24
1 -0.5009711523 0.005


V_0: 4.52 A: 0.24
1 -0.5030530469 0.005


V_0: 4.67 A: 0.23
1 -0.4967621289 0.005


V_0: 4.68 A: 0.23
1 -0.4987399219 0.005


V_0: 4.69 A: 0.23
1 -0.5007216211 0.005


V_0: 4.7 A: 0.23
1 -0.5027990234 0.005


V_0: 4.71 A: 0.23
1 -0.5047887305 0.005


V_0: 4.86 A: 0.22
1 -0.4955206641 0.005


V_0: 4.87 A: 0.22
1 -0.4973963086 0.005


V_0: 4.88 A: 0.22
1 -0.4992754687 0.005


V_0: 4.89 A: 0.22
1 -0.5012536523 0.005


V_0: 4.9 A: 0.22
1 -0.5031400391 0.005


V_0: 5.08 A: 0.21
1 -0.4963219531 0.005


V_0: 5.09 A: 0.21
1 -0.4981936914 0.005


V_0: 5.1 A: 0.21
1 -0.5000689453 0.005


V_0: 5.11 A: 0.21
1 -0.5018479102 0.005


V_0: 5.12 A: 0.21
1 -0.50373 0.005


V_0: 5.31 A: 0.2
1 -0.4951471289 0.005


V_0: 5.32 A: 0.2
1 -0.4969108594 0.005


V_0: 5.33 A: 0.2
1 -0.4986777148 0.005


V_0: 5.34 A: 0.2
1 -0.5004476953 0.005


V_0: 5.35 A: 0.2
1 -0.5022208008 0.005


V_0: 5.36 A: 0.2
1 -0.5038923437 0.005


V_0: 5.58 A: 0.19
1 -0.4965655078 0.005


V_0: 5.59 A: 0.19
1 -0.498219668 0.005


V_0: 5.6 A: 0.19
1 -0.4998765625 0.005


V_0: 5.61 A: 0.19
1 -0.5015361914 0.005


V_0: 5.62 A: 0.19
1 -0.5033083203 0.005


V_0: 5.63 A: 0.19
1 -0.5049736133 0.005


V_0: 5.87 A: 0.18
1 -0.4963474805 0.005


V_0: 5.88 A: 0.18
1 -0.4979969531 0.005


V_0: 5.89 A: 0.18
1 -0.4995341211 0.005


V_0: 5.9 A: 0.18
1 -0.5011888672 0.005


V_0: 5.91 A: 0.18
1 -0.502730918 0.005


V_0: 5.92 A: 0.18
1 -0.5043909375 0.005


V_0: 6.19 A: 0.17
1 -0.4954780664 0.005


V_0: 6.2 A: 0.17
1 -0.4970050781 0.005


V_0: 6.21 A: 0.17
1 -0.4985344336 0.005


V_0: 6.22 A: 0.17
1 -0.5000661328 0.005


V_0: 6.23 A: 0.17
1 -0.5016001758 0.005


V_0: 6.24 A: 0.17
1 -0.5031365625 0.005


V_0: 6.25 A: 0.17
1 -0.504675293 0.005


V_0: 6.56 A: 0.16
1 -0.4961384375 0.005


V_0: 6.57 A: 0.16
1 -0.4975363477 0.005


V_0: 6.58 A: 0.16
1 -0.4990647266 0.005


V_0: 6.59 A: 0.16
1 -0.5004667383 0.005


V_0: 6.6 A: 0.16
1 -0.5018707031 0.005


V_0: 6.61 A: 0.16
1 -0.5034057227 0.005


V_0: 6.62 A: 0.16
1 -0.5048137891 0.005


V_0: 6.97 A: 0.15
1 -0.4954281445 0.005


V_0: 6.98 A: 0.15
1 -0.4968205859 0.005


V_0: 6.99 A: 0.15
1 -0.4982149805 0.005


V_0: 7 A: 0.15
1 -0.4996113281 0.005


V_0: 7.01 A: 0.15
1 -0.5008727148 0.005


V_0: 7.02 A: 0.15
1 -0.5022727734 0.005


V_0: 7.03 A: 0.15
1 -0.5036747852 0.005


V_0: 7.45 A: 0.14
1 -0.496225293 0.005


V_0: 7.46 A: 0.14
1 -0.4974741797 0.005


V_0: 7.47 A: 0.14
1 -0.4988705273 0.005


V_0: 7.48 A: 0.14
1 -0.5001227344 0.005


V_0: 7.49 A: 0.14
1 -0.5013765039 0.005


V_0: 7.5 A: 0.14
1 -0.5026318359 0.005


V_0: 7.51 A: 0.14
1 -0.5038887305 0.005


V_0: 7.99 A: 0.13
1 -0.4953643945 0.005


V_0: 8 A: 0.13
1 -0.496609375 0.005


V_0: 8.01 A: 0.13
1 -0.497855918 0.005


V_0: 8.02 A: 0.13
1 -0.4989473828 0.005


V_0: 8.03 A: 0.13
1 -0.5001968555 0.005


V_0: 8.04 A: 0.13
1 -0.5014478906 0.005


V_0: 8.05 A: 0.13
1 -0.5025432617 0.005


V_0: 8.06 A: 0.13
1 -0.5037972266 0.005


V_0: 8.07 A: 0.13
1 -0.5048951367 0.005


V_0: 8.63 A: 0.12
1 -0.4956013477 0.005


V_0: 8.64 A: 0.12
1 -0.496681875 0.005


V_0: 8.65 A: 0.12
1 -0.4979325195 0.005


V_0: 8.66 A: 0.12
1 -0.4990155859 0.005


V_0: 8.67 A: 0.12
1 -0.5000998242 0.005


V_0: 8.68 A: 0.12
1 -0.5011852344 0.005


V_0: 8.69 A: 0.12
1 -0.5022718164 0.005


V_0: 8.7 A: 0.12
1 -0.5033595703 0.005


V_0: 8.71 A: 0.12
1 -0.5044484961 0.005


V_0: 9.38 A: 0.11
1 -0.4952530078 0.005


V_0: 9.39 A: 0.11
1 -0.4963311914 0.005


V_0: 9.4 A: 0.11
1 -0.4972269531 0.005


V_0: 9.41 A: 0.11
1 -0.4983072852 0.005


V_0: 9.42 A: 0.11
1 -0.4993887891 0.005


V_0: 9.43 A: 0.11
1 -0.5002872852 0.005


V_0: 9.44 A: 0.11
1 -0.5013709375 0.005


V_0: 9.45 A: 0.11
1 -0.5024557617 0.005


V_0: 9.46 A: 0.11
1 -0.5033569922 0.005


V_0: 9.47 A: 0.11
1 -0.5044439648 0.005
